########TEST SCC 1524084585.5870657###########
Grafo: 	./ego-gplus/out.ego-gplus
algoritmo standard
		 num SCC: 		 t
		23571 		 4.812795877456665
0.25	23579 		 0.3910493850708008
0.25	23579 		 0.5845432281494141
0.25	23579 		 0.32787466049194336
0.25	23579 		 0.5544717311859131
0.25	23579 		 0.35895442962646484
0.25	23579 		 0.35596346855163574
0.25	23579 		 0.3047935962677002
0.25	23579 		 0.3509340286254883
0.25	23579 		 0.4391670227050781
0.25	23579 		 0.3990616798400879
0.25	23579 		 0.4161059856414795
0.25	23627 		 0.3258659839630127
0.25	23579 		 0.37900805473327637
0.25	23579 		 0.28780460357666016
0.25	23579 		 0.33685755729675293
0.25	23579 		 0.299835205078125
0.25	23579 		 0.2907383441925049
0.25	23579 		 0.48328185081481934
0.25	23627 		 0.22459626197814941
0.25	23579 		 0.2937588691711426
0.35	23579 		 0.37804245948791504
0.35	23579 		 0.3408694267272949
0.35	23627 		 0.23261761665344238
0.35	23627 		 0.26169681549072266
0.35	23579 		 0.3499417304992676
0.35	23579 		 0.34290099143981934
0.35	23579 		 0.3399043083190918
0.35	23579 		 0.35494303703308105
0.35	23579 		 0.3810126781463623
0.35	23579 		 0.336895227432251
0.35	23627 		 0.28676462173461914
0.35	23579 		 0.4261338710784912
0.35	23579 		 0.34090447425842285
0.35	23579 		 0.3058137893676758
0.35	23579 		 0.555499792098999
0.35	23579 		 0.3057894706726074
0.35	23627 		 0.27974367141723633
0.35	23579 		 0.30280494689941406
0.35	23579 		 0.2627420425415039
0.35	23579 		 0.3619208335876465
0.45	23579 		 0.3429117202758789
0.45	23579 		 0.3328979015350342
0.45	23579 		 0.29076194763183594
0.45	23579 		 0.33789753913879395
0.45	23579 		 0.3228590488433838
0.45	23579 		 0.2998011112213135
0.45	23579 		 0.3388969898223877
0.45	23579 		 0.34090566635131836
0.45	23579 		 0.29578685760498047
0.45	23579 		 0.3399033546447754
0.45	23579 		 0.33890223503112793
0.45	23579 		 0.30982375144958496
0.45	23579 		 0.3399026393890381
0.45	23627 		 0.287766695022583
0.45	23579 		 0.4642338752746582
0.45	23627 		 0.24364829063415527
0.45	23579 		 0.3048083782196045
0.45	23579 		 0.225600004196167
0.45	23627 		 0.3599588871002197
0.45	23579 		 0.29879283905029297
0.55	23579 		 0.3439521789550781
0.55	23579 		 0.3077812194824219
0.55	23579 		 0.34491920471191406
0.55	23579 		 0.33489012718200684
0.55	23579 		 0.3018009662628174
0.55	23579 		 0.3088228702545166
0.55	23579 		 0.3018009662628174
0.55	23579 		 0.30280494689941406
0.55	23579 		 0.2987961769104004
0.55	23579 		 0.3439507484436035
0.55	23579 		 0.2957491874694824
0.55	23579 		 0.33791685104370117
0.55	23579 		 0.34189701080322266
0.55	23579 		 0.3007948398590088
0.55	23579 		 0.3007993698120117
0.55	23579 		 0.3429102897644043
0.55	23579 		 0.34491801261901855
0.55	23579 		 0.3439137935638428
0.55	23579 		 0.35698771476745605
0.55	23579 		 0.3077816963195801
0.65	23579 		 0.34491705894470215
0.65	23579 		 0.31082701683044434
0.65	23579 		 0.29783082008361816
0.65	23579 		 0.34587883949279785
0.65	23579 		 0.30380916595458984
0.65	23579 		 0.34996771812438965
0.65	23579 		 0.29775524139404297
0.65	23579 		 0.29679083824157715
0.65	23579 		 0.34294700622558594
0.65	23579 		 0.3539426326751709
0.65	23579 		 0.3499290943145752
0.65	23579 		 0.3078184127807617
0.65	23579 		 0.30782365798950195
0.65	23579 		 0.3519308567047119
0.65	23579 		 0.3137979507446289
0.65	23579 		 0.35398268699645996
0.65	23579 		 0.3498878479003906
0.65	23579 		 0.3539423942565918
0.65	23579 		 0.3529362678527832
0.65	23579 		 0.35594749450683594
0.75	23579 		 0.3429532051086426
0.75	23579 		 0.3518943786621094
0.75	23579 		 0.30785703659057617
0.75	23579 		 0.3529019355773926
0.75	23579 		 0.3499283790588379
0.75	23579 		 0.35193800926208496
0.75	23579 		 0.3469583988189697
0.75	23579 		 0.34688472747802734
0.75	23579 		 0.34792542457580566
0.75	23579 		 0.35193824768066406
0.75	23579 		 0.3499281406402588
0.75	23579 		 0.35297703742980957
0.75	23579 		 0.3518972396850586
0.75	23579 		 0.3459198474884033
0.75	23579 		 0.34892916679382324
0.75	23579 		 0.34892773628234863
0.75	23579 		 0.3569495677947998
0.75	23579 		 0.3469221591949463
0.75	23579 		 0.35895490646362305
0.75	23579 		 0.3529379367828369
0.85	23579 		 0.31383514404296875
0.85	23579 		 0.34491491317749023
0.85	23579 		 0.34491825103759766
0.85	23579 		 0.35494565963745117
0.85	23579 		 0.35297489166259766
0.85	23579 		 0.3529014587402344
0.85	23579 		 0.3529391288757324
0.85	23579 		 0.30380725860595703
0.85	23579 		 0.3539397716522217
0.85	23579 		 0.3509330749511719
0.85	23579 		 0.35193681716918945
0.85	23579 		 0.35895371437072754
0.85	23579 		 0.3499305248260498
0.85	23579 		 0.3459203243255615
0.85	23579 		 0.3599579334259033
0.85	23579 		 0.34695959091186523
0.85	23579 		 0.3439178466796875
0.85	23579 		 0.3468809127807617
0.85	23579 		 0.35895371437072754
0.85	23579 		 0.3499326705932617
Grafo: 	./p2p-Gnutella25/p2p-Gnutella25.txt
algoritmo standard
		 num SCC: 		 t
		17535 		 27.85306477546692
0.25	17535 		 0.6757974624633789
0.25	17535 		 0.6677772998809814
0.25	17535 		 0.6757969856262207
0.25	17535 		 0.8382296562194824
0.25	17535 		 0.8813800811767578
0.25	17535 		 8.01832103729248
0.25	17535 		 0.7469491958618164
0.25	17535 		 0.6737921237945557
0.25	17535 		 0.6918764114379883
0.25	17535 		 0.8772971630096436
0.25	17535 		 0.6326823234558105
0.25	17535 		 0.7249264717102051
0.25	17535 		 7.360572338104248
0.25	17535 		 0.7108914852142334
0.25	17535 		 0.7008657455444336
0.25	17535 		 0.8472521305084229
0.25	17535 		 0.6788468360900879
0.25	17535 		 0.6617169380187988
0.25	17535 		 0.8101556301116943
0.25	17535 		 0.6988577842712402
0.35	17535 		 0.7048749923706055
0.35	17535 		 0.7078824043273926
0.35	17535 		 0.726933479309082
0.35	17535 		 0.6978535652160645
0.35	17535 		 0.7249653339385986
0.35	17535 		 0.724931001663208
0.35	17535 		 9.60851001739502
0.35	17535 		 10.523986101150513
0.35	17535 		 0.6878283023834229
0.35	17535 		 10.88694977760315
0.35	17535 		 0.6858253479003906
0.35	17535 		 0.7830817699432373
0.35	17535 		 10.736549615859985
0.35	17535 		 9.877265214920044
0.35	17535 		 10.16804051399231
0.35	17535 		 0.7871348857879639
0.35	17535 		 10.37004041671753
0.35	17535 		 10.716495752334595
0.35	17535 		 10.256274223327637
0.35	17535 		 0.810194730758667
0.45	17535 		 0.6988165378570557
0.45	17535 		 12.577447175979614
0.45	17535 		 0.7800743579864502
0.45	17535 		 0.7339928150177002
0.45	17535 		 0.731940746307373
0.45	17535 		 12.979480981826782
0.45	17535 		 0.7289376258850098
0.45	17535 		 0.6717860698699951
0.45	17535 		 0.755047082901001
0.45	17535 		 13.154941320419312
0.45	17535 		 0.8251938819885254
0.45	17535 		 13.347494840621948
0.45	17535 		 0.6838185787200928
0.45	17535 		 13.532986640930176
0.45	17535 		 13.0367112159729
0.45	17535 		 0.6797633171081543
0.45	17535 		 0.7790706157684326
0.45	17535 		 13.110864400863647
0.45	17535 		 12.560441255569458
0.45	17535 		 0.9705390930175781
0.55	17535 		 16.51398515701294
0.55	17535 		 16.531962156295776
0.55	17535 		 16.417660236358643
0.55	17535 		 16.32645010948181
0.55	17535 		 0.7570133209228516
0.55	17535 		 0.7549700736999512
0.55	17535 		 16.14998698234558
0.55	17535 		 0.8010892868041992
0.55	17535 		 15.378936290740967
0.55	17535 		 16.62817668914795
0.55	17535 		 16.313379526138306
0.55	17535 		 0.7078838348388672
0.55	17535 		 0.6968526840209961
0.55	17535 		 0.7379624843597412
0.55	17535 		 15.39393401145935
0.55	17535 		 0.7730567455291748
0.55	17535 		 16.115856170654297
0.55	17535 		 15.625548839569092
0.55	17535 		 15.862181663513184
0.55	17535 		 0.7279348373413086
0.65	17535 		 22.062668561935425
0.65	17535 		 18.980472087860107
0.65	17535 		 0.685863733291626
0.65	17535 		 31.48967409133911
0.65	17535 		 22.374292373657227
0.65	17535 		 0.8261971473693848
0.65	17535 		 25.199374437332153
0.65	17535 		 0.7800748348236084
0.65	17535 		 18.456001043319702
0.65	17535 		 19.24153232574463
0.65	17535 		 0.8005831241607666
0.65	17535 		 0.692840576171875
0.65	17535 		 19.54603600502014
0.65	17535 		 19.22373056411743
0.65	17535 		 19.911309480667114
0.65	17535 		 20.34113121032715
0.65	17535 		 19.222206830978394
0.65	17535 		 0.7244272232055664
0.65	17535 		 19.523423671722412
0.65	17535 		 20.426921129226685
0.75	17535 		 0.8086905479431152
0.75	17535 		 22.580683708190918
0.75	17535 		 22.04143190383911
0.75	17535 		 21.90286636352539
0.75	17535 		 0.8211851119995117
0.75	17535 		 0.786090612411499
0.75	17535 		 0.7921395301818848
0.75	17535 		 0.723515510559082
0.75	17535 		 22.450044631958008
0.75	17535 		 0.7279369831085205
0.75	17535 		 0.8141648769378662
0.75	17535 		 22.457547903060913
0.75	17535 		 22.11918616294861
0.75	17535 		 22.32212805747986
0.75	17535 		 0.7640759944915771
0.75	17535 		 21.413320541381836
0.75	17535 		 0.8287458419799805
0.75	17535 		 22.3813693523407
0.75	17535 		 21.614880800247192
0.75	17535 		 22.63633418083191
0.85	17535 		 26.638054370880127
0.85	17535 		 28.23882269859314
0.85	17535 		 0.7630715370178223
0.85	17535 		 27.534874439239502
0.85	17535 		 27.362449169158936
0.85	17535 		 26.23400115966797
0.85	17535 		 25.932255029678345
0.85	17535 		 0.7244651317596436
0.85	17535 		 25.170602083206177
0.85	17535 		 0.7905621528625488
0.85	17535 		 1.1034750938415527
0.85	17535 		 26.13906764984131
0.85	17535 		 25.372952938079834
0.85	17535 		 24.816680669784546
0.85	17535 		 24.286452531814575
0.85	17535 		 24.881460189819336
0.85	17535 		 25.11825966835022
0.85	17535 		 24.94934630393982
0.85	17535 		 24.904202938079834
0.85	17535 		 26.28313446044922
