########TEST Triangles 1524123593.4263117###########

./ego-gplus/out.ego-gplus
tempo algoritmo sequenziale: 	1.7503178119659424

n_job = 2
2.829
2.813
2.594
2.735
2.751
2.766
2.751
2.704
2.766
2.782
2.719
2.751
2.751
2.672
2.766
2.672
2.782
2.766
2.735
2.813

n_job = 4
3.141
3.157
3.172
3.157
3.172
3.188
3.219
3.235
3.235
3.251
3.251
3.126
3.235
3.188
3.126
3.376
3.36
3.251
3.188
3.141

n_job = 6
4.063
4.094
4.063
4.126
4.126
4.063
4.11
4.141
4.095
4.329
4.329
4.206
4.27
4.36
4.266
4.376
4.282
4.345
4.343
4.454

n_job = 8
5.226
5.204
5.11
5.142
5.157
5.133
5.048
5.376
5.511
5.595
5.673
5.451
5.407
5.417
5.329
5.379
5.376
5.615
5.407
5.282


./p2p-Gnutella25/p2p-Gnutella25.txt
tempo algoritmo sequenziale: 	3.297435760498047

n_job = 2
3.86
3.782
4.61
3.844
3.813
4.454
3.798
3.923
3.907
3.829
3.782
3.844
3.798
3.844
3.704
3.813
3.813
3.923
3.782
3.923

n_job = 4
4.173
4.355
4.23
4.495
4.469
4.257
4.241
4.179
4.141
4.173
4.231
4.233
4.157
4.204
4.282
4.577
5.085
4.373
4.375
4.465

n_job = 6
5.437
5.51
5.652
5.662
5.611
5.574
5.716
5.665
5.659
5.589
5.617
5.549
5.489
5.474
5.47
5.496
5.343
5.292
6.06
7.081

n_job = 8
7.185
6.782
6.605
6.536
6.61
6.657
6.548
6.579
7.666
6.813
6.71
8.699
8.665
6.725
6.401
7.376
7.453
6.892
6.893
7.178

