0 2
0 4
0 9
0 20
0 34
0 39
0 49
0 50
0 61
0 62
0 92
0 79
0 91
0 77
1 29
1 37
1 48
1 51
1 0
1 63
1 17
2 9
2 13
2 20
2 23
2 30
2 44
2 49
2 50
2 54
2 59
2 61
2 62
2 71
2 92
2 79
2 39
2 10
3 10
3 17
3 21
3 27
3 36
3 57
3 65
3 69
3 72
3 74
3 90
3 91
3 76
3 11
3 37
4 5
4 17
4 34
4 39
4 49
4 64
4 89
4 93
4 62
4 95
4 64
5 8
5 17
5 19
5 21
5 39
5 64
5 65
5 89
5 90
5 91
5 93
5 95
5 45
6 26
6 33
6 37
6 51
6 54
6 67
6 71
6 99
6 67
6 65
6 60
7 11
7 14
7 24
7 25
7 35
7 43
7 45
7 66
7 83
7 98
7 12
7 11
7 41
8 9
8 13
8 17
8 21
8 44
8 49
8 59
8 64
8 65
8 71
8 54
8 13
9 13
9 20
9 44
9 49
9 50
9 59
9 61
9 64
9 92
9 94
9 85
9 64
10 16
10 18
10 27
10 36
10 45
10 72
10 74
10 75
10 76
10 81
10 87
10 90
10 90
10 8
10 7
11 14
11 25
11 43
11 78
11 80
11 83
11 98
11 51
11 15
11 14
12 48
12 58
12 34
12 44
12 58
13 20
13 23
13 30
13 44
13 49
13 54
13 59
13 61
13 62
13 64
13 71
13 92
13 36
13 81
13 2
14 24
14 25
14 43
14 66
14 78
14 83
14 98
14 13
14 39
14 72
15 40
15 56
15 94
15 86
15 74
15 48
16 18
16 24
16 27
16 36
16 45
16 46
16 72
16 74
16 75
16 76
16 81
16 96
16 28
16 15
16 29
17 21
17 39
17 59
17 64
17 65
17 89
17 90
17 91
17 5
17 45
17 9
18 46
18 72
18 75
18 76
18 81
18 87
18 88
18 96
18 86
18 98
18 49
19 28
19 31
19 41
19 63
19 82
19 84
19 87
19 90
19 91
19 36
19 5
19 98
20 23
20 30
20 33
20 49
20 50
20 54
20 61
20 62
20 92
20 47
20 44
20 11
21 27
21 36
21 57
21 65
21 69
21 74
21 90
21 91
21 2
21 94
21 33
22 24
22 42
22 45
22 53
22 55
22 66
22 70
22 73
22 74
22 77
22 97
22 75
22 83
22 6
23 30
23 33
23 54
23 61
23 62
23 67
23 92
23 9
23 25
23 87
24 25
24 45
24 53
24 66
24 74
24 83
24 9
24 77
24 68
25 43
25 66
25 78
25 83
25 98
25 75
25 83
25 5
26 33
26 51
26 54
26 67
26 71
26 99
26 12
26 37
26 20
27 36
27 45
27 65
27 72
27 74
27 75
27 76
27 81
27 87
27 90
27 91
27 19
27 67
27 64
28 31
28 41
28 60
28 63
28 68
28 79
28 82
28 84
28 22
28 98
28 27
29 32
29 37
29 38
29 48
29 51
29 52
29 58
29 43
29 89
29 42
30 33
30 50
30 54
30 61
30 62
30 67
30 71
30 92
30 67
30 90
30 81
31 41
31 60
31 63
31 68
31 79
31 82
31 84
31 95
31 9
32 38
32 40
32 42
32 48
32 52
32 58
32 73
32 85
32 94
32 78
32 52
32 34
33 54
33 67
33 71
33 99
33 35
33 51
33 97
34 39
34 49
34 50
34 61
34 92
34 25
34 55
34 88
35 46
35 86
35 95
35 96
35 26
35 96
35 11
36 45
36 65
36 72
36 74
36 75
36 76
36 81
36 87
36 88
36 90
36 91
36 75
36 7
36 44
37 47
37 51
37 99
37 17
37 36
37 70
38 40
38 42
38 52
38 55
38 73
38 77
38 85
38 94
38 97
38 47
38 51
38 0
39 49
39 64
39 89
39 93
39 4
39 31
39 30
40 42
40 52
40 55
40 56
40 73
40 85
40 94
40 97
40 54
40 27
40 98
41 60
41 63
41 68
41 79
41 82
41 84
41 93
41 46
41 7
41 10
42 52
42 55
42 73
42 77
42 85
42 94
42 97
42 78
42 22
42 21
43 66
43 78
43 83
43 98
43 21
43 0
43 15
44 47
44 54
44 59
44 64
44 58
44 70
44 40
45 53
45 66
45 72
45 74
45 83
45 28
45 67
45 58
46 72
46 75
46 76
46 81
46 95
46 96
46 76
46 13
46 38
47 57
47 70
47 77
47 21
47 50
47 62
48 58
48 94
48 73
48 35
49 50
49 59
49 61
49 62
49 64
49 92
49 25
49 94
49 32
50 61
50 62
50 92
50 80
50 74
50 62
51 99
51 16
51 17
51 44
52 55
52 73
52 85
52 94
52 97
52 78
52 19
52 58
53 57
53 66
53 69
53 70
53 74
53 77
53 97
53 5
53 1
53 61
54 67
54 71
54 99
54 85
54 28
54 48
55 56
55 73
55 77
55 85
55 94
55 97
55 37
55 43
55 46
56 85
56 94
56 97
56 16
56 67
56 30
57 65
57 69
57 70
57 74
57 77
57 30
57 88
57 47
58 85
58 89
58 41
58 89
59 64
59 45
59 65
59 35
60 68
60 79
60 82
60 84
60 59
60 54
61 62
61 92
61 26
61 5
61 39
62 92
62 80
62 42
62 43
63 82
63 89
63 91
63 93
63 54
63 2
63 23
64 89
64 5
64 68
64 63
65 69
65 74
65 90
65 91
65 97
65 73
65 47
66 74
66 83
66 21
66 10
66 11
67 71
67 99
67 91
67 64
67 48
68 79
68 82
68 23
68 3
68 60
69 70
69 74
69 98
69 3
69 44
70 74
70 77
70 28
70 71
70 52
71 99
71 56
71 8
71 48
72 74
72 75
72 76
72 81
72 87
72 88
72 1
72 67
72 25
73 77
73 85
73 94
73 97
73 91
73 88
74 77
74 79
74 6
74 39
75 76
75 81
75 87
75 88
75 33
75 2
75 18
76 81
76 84
76 87
76 88
76 90
76 91
76 35
76 97
76 90
77 97
77 83
77 85
77 3
78 80
78 98
78 3
78 1
78 79
79 82
79 84
79 42
79 80
79 76
80 98
80 97
80 92
80 27
81 87
81 88
81 45
81 89
81 22
82 84
82 50
82 76
82 45
83 20
83 20
83 34
84 87
84 88
84 83
84 41
84 70
85 94
85 76
85 97
85 62
86 95
86 96
86 98
86 30
86 71
86 72
87 88
87 90
87 91
87 36
87 93
87 7
88 72
88 31
88 25
89 93
89 56
89 77
89 34
90 91
90 36
90 64
90 87
91 29
91 72
91 10
92 50
92 87
92 69
93 48
93 20
93 77
94 97
94 55
94 61
94 15
95 96
95 42
95 9
95 92
96 27
96 27
96 19
97 6
97 69
97 89
98 19
98 6
98 55
99 51
99 10
99 80
