0 3
0 6
0 13
0 15
0 16
0 17
0 28
0 41
0 45
0 54
0 57
0 59
0 74
0 86
0 88
0 89
0 18
0 12
0 71
1 4
1 5
1 9
1 52
1 55
1 56
1 70
1 90
1 91
1 42
1 84
1 61
2 21
2 31
2 33
2 39
2 50
2 53
2 58
2 60
2 81
2 82
2 87
2 91
2 3
3 22
3 26
3 46
3 74
3 78
3 86
3 84
3 71
3 19
4 5
4 48
4 52
4 56
4 58
4 70
4 83
4 90
4 91
4 0
4 6
4 24
5 49
5 56
5 58
5 61
5 66
5 70
5 75
5 85
5 90
5 91
5 95
5 36
5 84
5 60
6 13
6 16
6 17
6 19
6 28
6 40
6 41
6 45
6 63
6 65
6 73
6 74
6 86
6 92
6 65
7 16
7 24
7 27
7 32
7 65
7 94
7 96
7 98
7 32
7 84
7 67
8 10
8 12
8 18
8 20
8 25
8 37
8 42
8 49
8 61
8 97
8 99
8 31
8 24
8 93
9 30
9 52
9 55
9 70
9 91
9 89
9 94
9 77
10 12
10 18
10 20
10 25
10 37
10 42
10 44
10 49
10 61
10 95
10 97
10 99
10 36
10 14
10 67
11 21
11 23
11 79
11 80
11 65
11 32
11 20
12 18
12 25
12 37
12 42
12 51
12 25
12 61
12 46
13 16
13 17
13 19
13 27
13 28
13 40
13 41
13 45
13 54
13 65
13 74
13 86
13 88
13 99
13 91
13 54
14 29
14 30
14 32
14 35
14 38
14 43
14 52
14 83
14 92
14 94
14 98
14 27
14 33
14 56
15 17
15 45
15 54
15 57
15 59
15 68
15 74
15 86
15 88
15 89
15 14
15 29
15 28
16 17
16 19
16 24
16 27
16 28
16 40
16 41
16 45
16 54
16 57
16 59
16 65
16 74
16 86
16 88
16 79
16 43
16 42
17 27
17 28
17 45
17 54
17 57
17 59
17 65
17 68
17 74
17 86
17 88
17 89
17 44
17 55
17 40
18 20
18 25
18 37
18 42
18 44
18 49
18 61
18 95
18 97
18 99
18 10
18 81
18 60
19 28
19 40
19 41
19 50
19 63
19 73
19 74
19 87
19 60
19 33
19 47
20 34
20 37
20 44
20 49
20 60
20 61
20 64
20 66
20 67
20 69
20 75
20 82
20 97
20 99
20 73
20 86
20 9
21 31
21 33
21 34
21 39
21 50
21 53
21 60
21 64
21 69
21 79
21 81
21 82
21 93
21 81
21 47
21 94
22 26
22 46
22 78
22 62
22 80
22 77
23 36
23 71
23 72
23 79
23 80
23 62
23 3
23 27
24 27
24 32
24 65
24 94
24 96
24 98
24 46
24 93
24 70
25 37
25 42
25 49
25 51
25 61
25 75
25 85
25 90
25 95
25 67
25 91
25 96
26 46
26 76
26 78
26 87
26 47
26 14
27 28
27 45
27 54
27 57
27 59
27 65
27 88
27 96
27 26
27 24
27 99
28 40
28 41
28 45
28 54
28 57
28 65
28 74
28 86
28 88
28 59
28 53
28 13
29 32
29 43
29 48
29 83
29 84
29 94
29 98
29 90
29 37
29 92
30 35
30 38
30 52
30 55
30 73
30 55
30 57
31 33
31 39
31 44
31 53
31 58
31 60
31 64
31 66
31 69
31 81
31 82
31 93
31 10
31 18
31 77
32 43
32 83
32 94
32 96
32 98
32 4
32 82
32 69
33 34
33 39
33 44
33 53
33 60
33 64
33 69
33 79
33 81
33 82
33 93
33 26
33 77
33 57
34 44
34 47
34 60
34 62
34 64
34 67
34 69
34 77
34 82
34 93
34 17
34 97
34 12
35 38
35 52
35 92
35 84
35 46
35 41
36 71
36 72
36 80
36 75
36 79
36 54
37 42
37 49
37 51
37 61
37 66
37 75
37 85
37 90
37 95
37 97
37 99
37 71
37 89
37 15
38 43
38 92
38 11
38 53
38 33
39 50
39 53
39 58
39 60
39 69
39 81
39 82
39 79
39 1
39 75
40 41
40 50
40 63
40 73
40 84
40 59
40 1
40 8
41 45
41 50
41 63
41 73
41 74
41 45
41 28
42 49
42 51
42 61
42 75
42 85
42 90
42 95
42 15
42 0
42 2
43 92
43 94
43 98
43 25
43 25
43 81
44 60
44 61
44 64
44 66
44 67
44 69
44 82
44 93
44 97
44 99
44 37
44 0
45 54
45 57
45 59
45 65
45 68
45 74
45 86
45 88
45 54
45 68
45 72
46 78
46 86
46 32
46 33
47 62
47 67
47 77
47 93
47 33
47 54
47 53
48 52
48 56
48 63
48 73
48 83
48 84
48 94
48 93
48 52
48 69
49 51
49 61
49 66
49 75
49 85
49 90
49 95
49 97
49 3
49 17
49 48
50 53
50 81
50 87
50 86
50 78
50 21
51 61
51 75
51 85
51 90
51 95
51 8
51 98
52 55
52 56
52 70
52 83
52 91
52 95
52 23
52 38
53 60
53 64
53 69
53 81
53 82
53 93
53 78
53 70
53 56
54 57
54 59
54 65
54 68
54 74
54 86
54 88
54 89
54 98
54 39
54 79
55 70
55 91
55 85
55 25
55 36
56 58
56 70
56 83
56 84
56 91
56 93
56 98
56 23
57 59
57 65
57 68
57 74
57 86
57 88
57 89
57 22
57 20
57 67
58 66
58 69
58 81
58 5
58 20
58 5
59 65
59 68
59 74
59 86
59 88
59 89
59 68
59 63
59 86
60 64
60 67
60 69
60 81
60 82
60 93
60 50
60 42
60 90
61 66
61 69
61 75
61 85
61 90
61 95
61 97
61 99
61 35
61 30
61 44
62 67
62 77
62 96
62 0
62 38
63 73
63 83
63 84
63 36
63 39
63 66
64 67
64 69
64 82
64 93
64 97
64 99
64 75
64 2
64 37
65 88
65 96
65 78
65 51
65 91
66 69
66 75
66 82
66 85
66 90
66 95
66 97
66 99
66 52
66 41
66 98
67 77
67 82
67 93
67 97
67 99
67 94
67 32
67 36
68 86
68 88
68 89
68 98
68 67
68 79
69 75
69 81
69 82
69 93
69 97
69 99
69 91
69 66
69 85
70 91
70 83
70 9
70 0
71 72
71 80
71 66
71 54
71 85
72 77
72 44
72 36
73 83
73 84
73 71
73 97
73 32
74 86
74 88
74 89
74 34
74 22
74 29
75 85
75 90
75 95
75 97
75 17
75 82
75 33
76 80
76 88
76 82
76 60
77 93
77 1
77 62
77 99
78 96
78 69
78 99
79 93
79 99
79 57
79 11
80 2
80 63
80 31
81 82
81 61
81 78
81 75
82 93
82 97
82 56
82 64
82 60
83 84
83 94
83 66
83 81
83 20
84 78
84 23
84 78
85 90
85 91
85 95
85 65
85 93
85 82
86 88
86 89
86 68
86 76
86 55
87 67
87 65
87 11
88 89
88 91
88 42
88 56
89 9
89 88
89 16
90 95
90 97
90 66
90 54
91 53
91 15
91 84
92 89
92 83
92 64
93 83
93 63
93 41
94 96
94 98
94 99
94 54
94 24
95 97
95 77
95 25
95 61
96 98
96 17
96 81
96 40
97 99
97 49
97 6
97 13
98 3
98 55
98 23
99 84
99 81
99 7
