0 257
0 407
0 448
0 465
0 520
0 566
0 577
0 660
0 921
0 1105
0 1201
0 1318
0 1391
0 1487
0 1508
0 2006
0 2177
0 2297
0 2330
0 2542
0 2680
0 2766
0 2847
0 2883
0 2903
0 3029
0 3130
0 3261
0 3293
0 3297
0 3508
0 3610
0 3839
0 3916
0 4037
0 4123
0 4124
0 4148
0 4273
0 4532
0 4826
0 4952
0 5044
0 5067
0 5165
0 5246
0 5263
0 5291
0 5555
0 5690
0 5726
0 6012
0 6188
0 6301
0 6325
0 6562
0 6697
0 6716
0 6799
0 6800
0 6861
0 6985
0 7145
0 7262
0 7406
0 7454
0 7575
0 7649
0 7667
0 7712
0 8013
0 8132
0 8303
0 8373
0 8525
0 8709
0 8720
0 8784
0 8858
0 8911
0 9213
0 9217
0 9278
0 9356
0 9643
0 9943
0 4094
0 6405
0 5347
0 9150
0 5325
0 7193
1 162
1 169
1 212
1 219
1 757
1 779
1 802
1 910
1 1132
1 1149
1 1180
1 1209
1 1211
1 1243
1 1280
1 1340
1 1469
1 1861
1 2101
1 2147
1 2323
1 2619
1 2742
1 2788
1 2807
1 2859
1 2874
1 2963
1 2989
1 3034
1 3181
1 3377
1 3413
1 3686
1 3714
1 3923
1 4316
1 4466
1 4907
1 5040
1 5075
1 5148
1 5314
1 5353
1 5371
1 5872
1 5931
1 6023
1 6033
1 6186
1 6222
1 6227
1 6356
1 6385
1 6483
1 6557
1 6569
1 6707
1 6760
1 6868
1 7008
1 7039
1 7239
1 7259
1 7367
1 7564
1 7597
1 8405
1 8496
1 8695
1 8962
1 8988
1 9007
1 9024
1 9037
1 9145
1 9212
1 9445
1 9606
1 9787
1 9810
1 9833
1 9857
1 9966
1 8292
1 6004
1 6799
1 8150
1 341
1 1801
2 42
2 191
2 210
2 422
2 435
2 630
2 864
2 1000
2 1025
2 1054
2 1090
2 1171
2 1429
2 1646
2 1827
2 1972
2 2019
2 2026
2 2451
2 2794
2 2822
2 2909
2 3108
2 3214
2 3215
2 3370
2 3406
2 3427
2 3493
2 3795
2 3830
2 3963
2 4169
2 4189
2 4675
2 4736
2 4778
2 4854
2 4896
2 5117
2 5138
2 5295
2 5661
2 5891
2 5894
2 5922
2 5988
2 6013
2 6292
2 6523
2 6575
2 6636
2 6686
2 6711
2 6742
2 6967
2 6990
2 6994
2 7420
2 7488
2 7697
2 7761
2 7923
2 8028
2 8182
2 8184
2 8249
2 8399
2 8554
2 8604
2 8667
2 8696
2 8705
2 8747
2 8765
2 8949
2 8963
2 8997
2 9196
2 9209
2 9337
2 9403
2 9493
2 9584
2 9608
2 9733
2 2125
2 5191
2 8609
2 3429
2 1603
2 3624
3 70
3 231
3 830
3 964
3 1074
3 1329
3 1574
3 1584
3 1613
3 1778
3 2442
3 2593
3 2736
3 3060
3 3212
3 3236
3 3387
3 3391
3 3529
3 3949
3 4060
3 4310
3 4352
3 4482
3 4562
3 4571
3 4631
3 4808
3 4890
3 5166
3 5191
3 5192
3 5369
3 5406
3 5422
3 5472
3 5654
3 5775
3 6074
3 6156
3 6302
3 6514
3 6626
3 6721
3 6726
3 6751
3 6769
3 6889
3 7078
3 7387
3 7410
3 7499
3 7528
3 7720
3 7797
3 7947
3 7962
3 7981
3 8061
3 8501
3 8553
3 8773
3 9118
3 9123
3 9251
3 9320
3 9469
3 9928
3 9991
3 8593
3 6246
3 1673
3 9576
3 8978
3 4126
4 273
4 291
4 335
4 416
4 436
4 451
4 454
4 543
4 602
4 704
4 752
4 930
4 1120
4 1152
4 1248
4 1291
4 1343
4 1472
4 1578
4 1668
4 1848
4 1881
4 2058
4 2135
4 2220
4 2238
4 2349
4 2604
4 2693
4 2758
4 2884
4 3061
4 3223
4 3270
4 3336
4 3434
4 3448
4 3644
4 3908
4 4032
4 4351
4 4569
4 4576
4 4699
4 4750
4 4761
4 4891
4 4953
4 5137
4 5258
4 5323
4 5505
4 5560
4 5705
4 5955
4 6191
4 6274
4 6282
4 6613
4 6785
4 6842
4 7014
4 7307
4 7380
4 7539
4 7698
4 7801
4 7820
4 8011
4 8047
4 8115
4 8576
4 8821
4 8823
4 8891
4 8918
4 8926
4 9172
4 9240
4 9326
4 9345
4 9384
4 9725
4 9888
4 3047
4 4575
4 7912
4 1818
4 2225
4 9167
5 61
5 396
5 445
5 505
5 547
5 572
5 746
5 763
5 785
5 1068
5 1176
5 1210
5 1212
5 1290
5 1448
5 1645
5 1663
5 1807
5 2163
5 2201
5 2225
5 2300
5 2324
5 2568
5 2878
5 2958
5 3466
5 3477
5 3717
5 3879
5 3918
5 3960
5 3982
5 4030
5 4077
5 4146
5 4315
5 4438
5 4628
5 4648
5 5008
5 5130
5 5275
5 5745
5 5817
5 5884
5 6049
5 6178
5 6204
5 6309
5 6489
5 6804
5 6921
5 7033
5 7266
5 7555
5 7638
5 7680
5 7715
5 7732
5 8215
5 8250
5 8424
5 8550
5 8641
5 8763
5 9238
5 9255
5 9588
5 9679
5 2046
5 2654
5 1574
5 9902
5 4556
5 402
6 63
6 290
6 681
6 720
6 733
6 919
6 1034
6 1038
6 1368
6 1441
6 1450
6 1565
6 1661
6 1670
6 2085
6 2687
6 2695
6 2855
6 2922
6 3121
6 3153
6 3254
6 3332
6 3401
6 3516
6 3638
6 3747
6 4065
6 4086
6 4156
6 4527
6 4976
6 5017
6 5027
6 5028
6 5302
6 5618
6 5975
6 5981
6 5995
6 6185
6 6252
6 6299
6 6474
6 6563
6 6674
6 6809
6 6913
6 6993
6 7012
6 7107
6 7343
6 7412
6 7428
6 7481
6 7489
6 7534
6 7822
6 7922
6 8176
6 8289
6 8322
6 8567
6 8644
6 9540
6 9635
6 9821
6 9840
6 9875
6 9967
6 7366
6 9131
6 5243
6 1311
6 9569
6 7353
7 129
7 527
7 758
7 761
7 1253
7 1373
7 1783
7 1838
7 1869
7 1916
7 2034
7 2112
7 2137
7 2506
7 2601
7 2658
7 2846
7 3076
7 3316
7 3492
7 3642
7 3813
7 3850
7 4053
7 4064
7 4180
7 4256
7 4414
7 4530
7 4590
7 4625
7 4873
7 4935
7 4941
7 5019
7 5208
7 5226
7 5254
7 5260
7 5272
7 5556
7 5646
7 5712
7 5838
7 5905
7 5920
7 5986
7 6056
7 6085
7 6220
7 6446
7 6492
7 6513
7 6551
7 6603
7 6744
7 6752
7 6787
7 6863
7 7037
7 7164
7 7393
7 7887
7 7929
7 8006
7 8178
7 8281
7 8353
7 8489
7 8601
7 8681
7 8805
7 8857
7 8946
7 8992
7 9110
7 9390
7 9442
7 9538
7 9627
7 9644
7 9652
7 9657
7 9683
7 9910
7 9973
7 9982
7 5917
7 4582
7 590
7 9993
7 4300
7 1725
8 169
8 203
8 219
8 242
8 439
8 457
8 544
8 634
8 667
8 697
8 701
8 779
8 832
8 838
8 973
8 1132
8 1243
8 1469
8 1938
8 2013
8 2271
8 2323
8 2430
8 2707
8 2859
8 3197
8 3693
8 3847
8 3883
8 3929
8 4188
8 4296
8 4316
8 4466
8 4689
8 4770
8 5075
8 5081
8 5594
8 6023
8 6066
8 6186
8 6222
8 6385
8 6410
8 6501
8 6557
8 6678
8 6760
8 6887
8 6908
8 6915
8 6952
8 7259
8 7564
8 7597
8 7862
8 8041
8 8271
8 8375
8 8484
8 8496
8 8523
8 8766
8 8777
8 8825
8 8828
8 8870
8 8907
8 9024
8 9145
8 9199
8 9445
8 9583
8 9787
8 9857
8 9924
8 3768
8 4934
8 1550
8 2444
8 3964
8 8259
9 144
9 198
9 243
9 251
9 411
9 463
9 730
9 853
9 862
9 891
9 1200
9 1218
9 1825
9 1865
9 1949
9 2077
9 2146
9 2260
9 2386
9 2395
9 2398
9 2470
9 2509
9 2575
9 2607
9 2626
9 2899
9 2904
9 3337
9 3474
9 3530
9 3778
9 3868
9 3943
9 4473
9 4661
9 4842
9 5333
9 5484
9 5562
9 5595
9 5788
9 5799
9 5939
9 6053
9 6059
9 6262
9 6307
9 6340
9 6415
9 6426
9 6657
9 7291
9 7513
9 7530
9 7579
9 7609
9 7928
9 7963
9 8026
9 8031
9 8079
9 8202
9 8219
9 8697
9 8881
9 9062
9 9102
9 9154
9 9179
9 9341
9 9344
9 9421
9 9619
9 9692
9 9913
9 7315
9 7735
9 1767
9 1741
9 8464
9 7767
10 99
10 287
10 303
10 384
10 663
10 873
10 920
10 937
10 996
10 1315
10 1317
10 1421
10 1451
10 1463
10 1516
10 1594
10 1609
10 1739
10 1793
10 1912
10 1975
10 2342
10 2567
10 2793
10 2813
10 2881
10 2889
10 2956
10 3120
10 3224
10 3272
10 3345
10 3351
10 3383
10 3660
10 3745
10 4550
10 4613
10 4641
10 4831
10 5185
10 5583
10 5742
10 5996
10 6027
10 6138
10 6195
10 6364
10 6604
10 6782
10 6831
10 6840
10 7013
10 7218
10 7223
10 7335
10 7671
10 7703
10 7978
10 8017
10 8029
10 8042
10 8083
10 8172
10 8175
10 8294
10 8421
10 8447
10 8519
10 8676
10 8822
10 8864
10 8955
10 9109
10 9750
10 9835
10 9878
10 9904
10 9989
10 1374
10 4081
10 1073
10 1470
10 8505
10 2446
11 28
11 51
11 274
11 330
11 441
11 519
11 564
11 590
11 637
11 724
11 725
11 728
11 869
11 933
11 969
11 1310
11 1400
11 1402
11 1771
11 1853
11 1875
11 2050
11 2134
11 2178
11 2215
11 2224
11 2267
11 2327
11 2332
11 2839
11 3134
11 3475
11 3591
11 3809
11 3826
11 3948
11 3998
11 4039
11 4054
11 4057
11 4072
11 4307
11 4647
11 4812
11 5015
11 5036
11 5126
11 5187
11 5297
11 5327
11 5481
11 5530
11 5577
11 5619
11 6225
11 6479
11 6771
11 7172
11 7277
11 7308
11 7652
11 7673
11 7780
11 7804
11 7926
11 7993
11 8020
11 8095
11 8157
11 8163
11 8422
11 8440
11 8674
11 8702
11 8712
11 8719
11 8721
11 8841
11 8895
11 8932
11 8933
11 9096
11 9301
11 9450
11 9452
11 9486
11 9674
11 9899
11 9977
11 3944
11 7158
11 1335
11 2443
11 4436
11 1186
12 38
12 306
12 318
12 537
12 614
12 760
12 818
12 856
12 879
12 882
12 1028
12 1198
12 1250
12 1260
12 1267
12 1301
12 1364
12 1486
12 1631
12 1735
12 1918
12 2063
12 2162
12 2195
12 2283
12 2579
12 2694
12 2700
12 2808
12 2825
12 2854
12 2982
12 2995
12 3044
12 3419
12 3435
12 3547
12 3572
12 3702
12 3796
12 4083
12 4555
12 4626
12 4723
12 4974
12 5006
12 5108
12 5149
12 5567
12 5971
12 6576
12 6649
12 6883
12 7310
12 7366
12 7374
12 7746
12 7753
12 8081
12 8113
12 8416
12 8468
12 8530
12 9034
12 9153
12 9176
12 9304
12 9324
12 9346
12 9352
12 9500
12 9582
12 9621
12 9882
12 7196
12 594
12 1775
12 3392
12 7906
12 4645
13 37
13 161
13 450
13 487
13 557
13 623
13 822
13 928
13 935
13 975
13 1004
13 1030
13 1093
13 1174
13 1307
13 1412
13 1478
13 1583
13 1656
13 1745
13 1749
13 1868
13 2040
13 2045
13 2049
13 2095
13 2343
13 2357
13 2397
13 2415
13 2657
13 2798
13 2832
13 2992
13 3136
13 3142
13 3149
13 3171
13 3373
13 3436
13 3496
13 3836
13 3936
13 4052
13 4395
13 4610
13 4616
13 4724
13 4806
13 5056
13 5076
13 5109
13 5129
13 5240
13 5244
13 5251
13 5438
13 5520
13 5575
13 5576
13 5723
13 5739
13 5761
13 5792
13 5958
13 5962
13 5984
13 6087
13 6277
13 6310
13 6599
13 6659
13 6660
13 6749
13 7228
13 7231
13 7392
13 7395
13 7469
13 7602
13 7637
13 7898
13 7986
13 8040
13 8096
13 8162
13 8514
13 8757
13 8818
13 8853
13 9220
13 9254
13 9334
13 9518
13 9536
13 9612
13 9629
13 9719
13 9813
13 8975
13 1861
13 7118
13 7926
13 9661
13 8395
14 58
14 350
14 403
14 678
14 845
14 1007
14 1020
14 1086
14 1143
14 1159
14 1308
14 1355
14 1453
14 1476
14 1665
14 2057
14 2152
14 2216
14 2306
14 2493
14 2589
14 2949
14 3144
14 3209
14 3268
14 3454
14 3577
14 3603
14 3645
14 3716
14 3719
14 3896
14 4090
14 4092
14 4162
14 4230
14 4280
14 4484
14 4501
14 4539
14 4553
14 4815
14 5115
14 5325
14 5360
14 5682
14 5691
14 5772
14 5800
14 5855
14 5887
14 6321
14 6581
14 6583
14 6628
14 6717
14 6739
14 6783
14 6794
14 6833
14 6920
14 6984
14 7079
14 7184
14 7261
14 7346
14 7437
14 7583
14 7911
14 8110
14 8140
14 8194
14 8198
14 8230
14 8434
14 8546
14 8548
14 8603
14 8762
14 9027
14 9252
14 9312
14 9331
14 9376
14 9562
14 9574
14 9622
14 9902
14 9909
14 9952
14 9958
14 1312
14 3789
14 2531
14 3753
14 7619
14 9007
15 120
15 395
15 873
15 937
15 998
15 1039
15 1226
15 1315
15 1455
15 1516
15 1845
15 1923
15 2122
15 2346
15 2709
15 2715
15 2787
15 2793
15 2809
15 2850
15 3008
15 3166
15 3272
15 3494
15 3513
15 3660
15 3729
15 3869
15 4103
15 4235
15 4264
15 4302
15 4387
15 4627
15 4756
15 5058
15 5123
15 5249
15 5259
15 5346
15 5356
15 5366
15 5551
15 5558
15 5742
15 5815
15 5858
15 5996
15 6098
15 6166
15 6195
15 6289
15 6411
15 6637
15 6701
15 6782
15 6901
15 7089
15 7223
15 7269
15 7336
15 7473
15 7523
15 7624
15 7702
15 7776
15 8083
15 8161
15 8256
15 8268
15 8279
15 8294
15 8297
15 8478
15 8839
15 9253
15 9430
15 9750
15 9759
15 2291
15 6018
15 4890
15 8900
15 5599
15 9003
16 464
16 639
16 641
16 851
16 1069
16 1190
16 1379
16 1397
16 1667
16 1694
16 1811
16 1906
16 2280
16 2391
16 2977
16 2980
16 3006
16 3182
16 3285
16 3353
16 3449
16 3743
16 3744
16 3772
16 3784
16 3807
16 3863
16 4014
16 4259
16 4378
16 4629
16 4632
16 4697
16 4790
16 4879
16 4966
16 5049
16 5388
16 5614
16 5708
16 5722
16 5878
16 5928
16 5985
16 6002
16 6003
16 6084
16 6408
16 6413
16 6441
16 6476
16 6597
16 6624
16 6669
16 6676
16 6970
16 6972
16 7046
16 7138
16 7203
16 7222
16 7233
16 7345
16 7465
16 7570
16 8052
16 8109
16 8263
16 8319
16 8506
16 8612
16 8810
16 9202
16 9330
16 9432
16 9504
16 9513
16 9756
16 9970
16 7351
16 2008
16 1807
16 6112
16 1674
16 1568
17 141
17 214
17 354
17 366
17 653
17 666
17 696
17 855
17 1046
17 1265
17 1384
17 1470
17 1534
17 1710
17 1738
17 1963
17 2310
17 2316
17 2335
17 2496
17 2777
17 2863
17 2871
17 2941
17 3059
17 3309
17 3338
17 3349
17 3386
17 3517
17 3692
17 3978
17 4132
17 4321
17 4525
17 4540
17 4845
17 4858
17 4903
17 5225
17 5231
17 5293
17 5387
17 5489
17 5504
17 5728
17 5773
17 5793
17 6006
17 6091
17 6297
17 6332
17 6362
17 6370
17 6421
17 6766
17 6790
17 7030
17 7116
17 7125
17 7205
17 7655
17 7737
17 7917
17 8018
17 8381
17 8541
17 8589
17 8751
17 8910
17 8987
17 9170
17 9490
17 9565
17 9603
17 9698
17 9731
17 9927
17 192
17 9470
17 5129
17 1709
17 6265
17 3405
18 183
18 218
18 236
18 282
18 426
18 476
18 536
18 615
18 652
18 715
18 972
18 982
18 1049
18 1112
18 1157
18 1185
18 1232
18 1247
18 1249
18 1255
18 1278
18 1293
18 1326
18 1334
18 1378
18 1454
18 1641
18 1740
18 1995
18 2520
18 2967
18 2994
18 3021
18 3067
18 3163
18 3169
18 3310
18 3464
18 3527
18 3533
18 3574
18 3894
18 3983
18 4389
18 4478
18 4572
18 4737
18 4863
18 5378
18 5474
18 5637
18 5650
18 6083
18 6102
18 6235
18 6352
18 6475
18 6508
18 6858
18 7158
18 7173
18 7594
18 7686
18 7848
18 8068
18 8103
18 8226
18 8443
18 8563
18 8579
18 8584
18 8586
18 8622
18 8699
18 8837
18 8893
18 9069
18 9368
18 9437
18 9736
18 9765
18 9789
18 9806
18 9911
18 9931
18 9990
18 8953
18 4598
18 1316
18 8236
18 3330
18 6661
19 381
19 609
19 782
19 799
19 865
19 1139
19 1188
19 1700
19 2124
19 2187
19 2270
19 2361
19 2406
19 2446
19 2510
19 2577
19 2640
19 2727
19 2729
19 2738
19 2820
19 2898
19 2997
19 3019
19 3032
19 3290
19 3558
19 3633
19 3680
19 3726
19 3952
19 4000
19 4062
19 4196
19 4333
19 4479
19 4492
19 4554
19 4748
19 5193
19 5215
19 5230
19 5518
19 5640
19 5663
19 5669
19 5757
19 5762
19 5778
19 6136
19 6293
19 6377
19 6550
19 6582
19 6755
19 7053
19 7141
19 7161
19 7246
19 7325
19 7767
19 7770
19 7870
19 7925
19 7980
19 8193
19 8299
19 8362
19 8577
19 9104
19 9124
19 9648
19 9880
19 912
19 3886
19 9620
19 5974
19 9453
19 112
20 120
20 395
20 675
20 844
20 873
20 920
20 937
20 998
20 1251
20 1287
20 1315
20 1426
20 1620
20 1711
20 1923
20 2064
20 2092
20 2724
20 2734
20 2809
20 2956
20 3166
20 3272
20 3438
20 4103
20 4220
20 4235
20 4344
20 4387
20 4627
20 4636
20 4756
20 4825
20 4971
20 5034
20 5058
20 5123
20 5144
20 5162
20 5167
20 5288
20 5366
20 5558
20 6050
20 6098
20 6131
20 6322
20 6516
20 6601
20 6713
20 6782
20 6797
20 6856
20 6955
20 7047
20 7056
20 7159
20 7195
20 7269
20 7394
20 7441
20 7473
20 7593
20 7627
20 7639
20 7776
20 7924
20 7938
20 8021
20 8164
20 8224
20 8297
20 8437
20 8465
20 8614
20 8676
20 8737
20 8794
20 8916
20 9047
20 9146
20 9315
20 9430
20 9759
20 9825
20 9989
20 3653
20 7119
20 1153
20 1179
20 3669
20 6553
21 359
21 632
21 918
21 1005
21 1009
21 1099
21 1104
21 1187
21 1659
21 1660
21 1691
21 1726
21 1763
21 1919
21 1964
21 1965
21 1985
21 2068
21 2219
21 2230
21 2303
21 2312
21 2511
21 3111
21 3122
21 3456
21 3553
21 3723
21 3761
21 3859
21 4218
21 4272
21 4409
21 5005
21 5118
21 5267
21 5308
21 5473
21 5586
21 5593
21 5983
21 6007
21 6015
21 6047
21 6069
21 6105
21 6121
21 6288
21 6409
21 6577
21 6702
21 7136
21 7165
21 7298
21 7348
21 7434
21 7617
21 7641
21 8076
21 8101
21 8241
21 8273
21 8314
21 8348
21 8463
21 8516
21 8532
21 8605
21 8680
21 8701
21 8788
21 8838
21 8971
21 8974
21 9012
21 9125
21 9508
21 9668
21 9706
21 9727
21 9996
21 9186
21 1677
21 9030
21 5141
21 2351
21 7928
22 83
22 314
22 446
22 548
22 595
22 690
22 800
22 872
22 912
22 948
22 1018
22 1220
22 1270
22 1489
22 1490
22 1538
22 1721
22 1729
22 1890
22 2018
22 2073
22 2131
22 2472
22 2651
22 2664
22 2665
22 2691
22 3118
22 3313
22 3624
22 3794
22 3840
22 3956
22 4017
22 4167
22 4404
22 4640
22 4702
22 4775
22 4800
22 4898
22 4931
22 4992
22 5011
22 5201
22 5311
22 5312
22 5315
22 5584
22 5764
22 6140
22 6150
22 6155
22 6233
22 6260
22 6511
22 6564
22 6675
22 6877
22 6959
22 7048
22 7094
22 7187
22 7237
22 7324
22 7559
22 7733
22 7830
22 7902
22 7903
22 8106
22 8240
22 8396
22 8481
22 8744
22 8758
22 9456
22 9598
22 9686
22 9710
22 9845
22 9861
22 9872
22 9921
22 9946
22 9486
22 4438
22 6501
22 4759
22 99
22 1988
23 217
23 316
23 360
23 417
23 610
23 627
23 698
23 755
23 1306
23 1344
23 1373
23 1393
23 1409
23 1436
23 1598
23 1789
23 1869
23 1948
23 1978
23 2089
23 2112
23 2235
23 2416
23 2506
23 2585
23 2623
23 2925
23 2927
23 3010
23 3066
23 3126
23 3255
23 3283
23 3417
23 3452
23 3507
23 3642
23 3799
23 3850
23 3856
23 3902
23 3942
23 4304
23 4420
23 4604
23 4726
23 4810
23 4837
23 4900
23 4989
23 5208
23 5248
23 5364
23 5427
23 5644
23 5651
23 5704
23 5824
23 5853
23 6194
23 6210
23 6273
23 6280
23 6306
23 6603
23 6621
23 6653
23 6744
23 6824
23 6863
23 6999
23 7086
23 7152
23 7500
23 7522
23 7591
23 7661
23 7678
23 7707
23 7760
23 7887
23 7929
23 8131
23 8166
23 8207
23 8681
23 8938
23 9018
23 9142
23 9235
23 9271
23 9414
23 9547
23 6110
23 2966
23 4990
23 9028
23 9932
23 5511
24 140
24 150
24 342
24 380
24 680
24 958
24 1116
24 1128
24 1206
24 1271
24 1349
24 1409
24 1495
24 1518
24 1602
24 1657
24 1893
24 1993
24 2143
24 2201
24 2337
24 2740
24 2810
24 3152
24 3202
24 3725
24 3799
24 3854
24 3918
24 4112
24 4209
24 4379
24 4872
24 4943
24 4989
24 5190
24 5213
24 5355
24 5589
24 5617
24 5673
24 5750
24 5953
24 6263
24 6453
24 6488
24 6540
24 6608
24 6798
24 6814
24 7087
24 7146
24 7177
24 7558
24 7596
24 7851
24 8208
24 8228
24 8564
24 8632
24 8960
24 9103
24 9135
24 9164
24 9270
24 9440
24 9547
24 9834
24 9841
24 9847
24 9889
24 3931
24 6588
24 7659
24 4150
24 7647
24 9286
25 78
25 118
25 143
25 311
25 337
25 361
25 583
25 656
25 671
25 813
25 898
25 1023
25 1237
25 1286
25 1482
25 1543
25 1588
25 1618
25 1794
25 1824
25 1887
25 1968
25 2056
25 2189
25 2266
25 2320
25 2344
25 2546
25 2959
25 2983
25 3068
25 3116
25 3253
25 3334
25 3400
25 3469
25 3580
25 3696
25 3866
25 3907
25 4128
25 4140
25 4462
25 4596
25 4666
25 4721
25 5014
25 5065
25 5090
25 5384
25 5454
25 5461
25 5497
25 5600
25 5653
25 5738
25 5804
25 5845
25 5945
25 6174
25 6264
25 6848
25 7210
25 7217
25 7548
25 7773
25 7854
25 7900
25 7932
25 8005
25 8239
25 8287
25 8545
25 8547
25 8862
25 8917
25 8944
25 9055
25 9175
25 9400
25 9410
25 9662
25 9948
25 9951
25 2224
25 4675
25 6236
25 9328
25 7567
25 3756
26 254
26 713
26 945
26 962
26 1401
26 1407
26 1613
26 1804
26 2167
26 2246
26 2250
26 2290
26 2432
26 2433
26 2477
26 2629
26 2699
26 2790
26 2840
26 2961
26 2965
26 3213
26 3249
26 3330
26 3371
26 3392
26 3432
26 3815
26 3860
26 3864
26 3890
26 3971
26 4078
26 4571
26 4592
26 4698
26 4742
26 4768
26 4910
26 5098
26 5133
26 5349
26 5382
26 5652
26 5735
26 5753
26 5755
26 5833
26 6029
26 6072
26 6212
26 6938
26 7198
26 7410
26 7508
26 7710
26 7855
26 7910
26 7918
26 7969
26 8067
26 8082
26 8189
26 8321
26 8596
26 8738
26 8767
26 9080
26 9094
26 9511
26 9520
26 9632
26 9747
26 2243
26 99
26 2337
26 4551
26 6707
26 6275
27 39
27 88
27 93
27 123
27 284
27 406
27 455
27 483
27 484
27 510
27 620
27 794
27 826
27 902
27 1101
27 1158
27 1191
27 1311
27 1462
27 1466
27 1611
27 1805
27 1823
27 1935
27 2191
27 2580
27 2843
27 2993
27 3012
27 3170
27 3342
27 3379
27 3542
27 3545
27 4129
27 4142
27 4174
27 4239
27 4681
27 4884
27 5084
27 5180
27 5296
27 5359
27 5395
27 5828
27 6028
27 6039
27 6213
27 6767
27 6802
27 7067
27 7084
27 7170
27 7247
27 7278
27 7310
27 7453
27 7494
27 7542
27 7604
27 7709
27 7901
27 7987
27 8197
27 8332
27 8593
27 9088
27 9298
27 9348
27 9387
27 9470
27 9941
27 7913
27 1144
27 4849
27 4957
27 6732
27 2050
28 519
28 525
28 564
28 590
28 628
28 637
28 869
28 900
28 933
28 1400
28 1684
28 1702
28 1771
28 1843
28 2008
28 2050
28 2072
28 2267
28 2681
28 2804
28 2973
28 2976
28 3232
28 3538
28 3586
28 3591
28 3630
28 3826
28 3848
28 3969
28 3970
28 3998
28 4040
28 4054
28 4242
28 4516
28 4526
28 4607
28 5015
28 5024
28 5033
28 5036
28 5126
28 5187
28 5255
28 5297
28 5327
28 5452
28 5456
28 5481
28 5530
28 5577
28 5619
28 5636
28 5689
28 6130
28 6142
28 6162
28 6164
28 6565
28 6591
28 6771
28 6971
28 7386
28 7673
28 7780
28 7926
28 7993
28 8247
28 8422
28 8457
28 8606
28 8646
28 8648
28 8674
28 8686
28 8712
28 8721
28 8841
28 8895
28 8933
28 9002
28 9064
28 9096
28 9140
28 9155
28 9413
28 9443
28 9452
28 9665
28 9865
28 3640
28 3037
28 6304
28 5845
28 3565
28 3355
29 234
29 286
29 401
29 781
29 812
29 1382
29 1467
29 1510
29 1685
29 1717
29 1732
29 1831
29 1943
29 2116
29 2274
29 2288
29 2459
29 2487
29 2517
29 2661
29 2692
29 2698
29 2717
29 2722
29 2763
29 2771
29 3023
29 3075
29 3311
29 3333
29 3367
29 3661
29 3705
29 3713
29 3842
29 3888
29 3910
29 4027
29 4257
29 4347
29 4566
29 4999
29 5156
29 5318
29 5374
29 5540
29 5707
29 6060
29 6303
29 6329
29 6365
29 6469
29 6765
29 6845
29 7220
29 7267
29 7288
29 7373
29 7603
29 7916
29 8058
29 8255
29 8455
29 8652
29 8772
29 8872
29 9210
29 9676
29 9763
29 9822
29 1063
29 9221
29 4850
29 685
29 4865
29 7555
30 228
30 356
30 579
30 1040
30 1053
30 1085
30 1305
30 1423
30 1601
30 1895
30 1934
30 2169
30 2392
30 2407
30 2524
30 2628
30 2652
30 2718
30 3113
30 3154
30 3173
30 3195
30 3299
30 3502
30 3518
30 3885
30 4025
30 4042
30 4227
30 4265
30 4314
30 4353
30 4419
30 4589
30 4713
30 4714
30 4844
30 5128
30 5233
30 5430
30 5495
30 5557
30 5787
30 6078
30 6666
30 6773
30 7135
30 7257
30 7372
30 7440
30 7580
30 7620
30 7705
30 7783
30 7808
30 7953
30 7960
30 7975
30 8004
30 8174
30 8233
30 8347
30 8349
30 8829
30 8884
30 9576
30 9611
30 9858
30 9907
30 5662
30 8965
30 7223
30 6791
30 7638
30 4038
31 716
31 749
31 1179
31 1195
31 1263
31 1295
31 1346
31 1389
31 1717
31 1765
31 1798
31 1911
31 1922
31 1962
31 2480
31 2559
31 2594
31 2705
31 3174
31 3194
31 3248
31 3296
31 3433
31 3824
31 3888
31 3944
31 3957
31 4033
31 4731
31 4927
31 4962
31 4985
31 5035
31 5222
31 5289
31 5437
31 5540
31 5582
31 5676
31 6020
31 6063
31 6103
31 6122
31 6520
31 6849
31 6894
31 7036
31 7064
31 7073
31 7267
31 7411
31 7563
31 7791
31 8619
31 9039
31 9051
31 9314
31 9332
31 9427
31 9892
31 9238
31 1506
31 3649
31 3950
31 8542
31 7392
32 112
32 201
32 260
32 480
32 769
32 1037
32 1076
32 1110
32 1165
32 1275
32 1359
32 1383
32 1662
32 1819
32 1870
32 1902
32 2336
32 2421
32 3273
32 3576
32 4219
32 4425
32 4925
32 5602
32 5813
32 6044
32 6051
32 6361
32 6373
32 6471
32 6772
32 6807
32 6811
32 6935
32 7249
32 7353
32 7606
32 7659
32 7968
32 7998
32 8124
32 8521
32 8811
32 8964
32 9032
32 9072
32 9266
32 9666
32 9868
32 9884
32 9994
32 2120
32 8755
32 7016
32 395
32 6083
32 6541
33 128
33 173
33 213
33 365
33 1369
33 1376
33 1442
33 1504
33 1581
33 1709
33 1744
33 1852
33 2021
33 2033
33 2069
33 2502
33 2532
33 2639
33 2915
33 3145
33 3424
33 3611
33 3767
33 3781
33 3833
33 3849
33 3901
33 3939
33 4155
33 4234
33 4240
33 4297
33 4522
33 4612
33 4642
33 4707
33 4711
33 4870
33 4942
33 4948
33 5070
33 5104
33 5112
33 5136
33 5332
33 5351
33 5389
33 5519
33 5524
33 5664
33 5780
33 5805
33 5850
33 5991
33 6092
33 6257
33 6269
33 6388
33 6692
33 6781
33 7059
33 7091
33 7098
33 7106
33 7113
33 7199
33 7280
33 7538
33 7552
33 7600
33 7660
33 7786
33 7921
33 8073
33 8078
33 8179
33 8251
33 8298
33 8669
33 8718
33 8727
33 9166
33 9295
33 9492
33 9581
33 1993
33 9907
33 2777
33 3644
33 1078
33 5028
34 95
34 222
34 348
34 472
34 546
34 654
34 778
34 784
34 1024
34 1292
34 1347
34 1533
34 1671
34 1784
34 1956
34 2075
34 2083
34 2138
34 2541
34 2656
34 2723
34 2972
34 3107
34 3114
34 3189
34 3318
34 3422
34 3467
34 3592
34 3606
34 3668
34 3733
34 3823
34 3919
34 3947
34 3984
34 4005
34 4185
34 4260
34 4346
34 4433
34 4467
34 4745
34 4924
34 5100
34 5265
34 5450
34 5509
34 5561
34 6149
34 6160
34 6436
34 6743
34 6836
34 7102
34 7112
34 7251
34 7331
34 7369
34 7461
34 7685
34 7711
34 7884
34 7890
34 7945
34 7990
34 8010
34 8038
34 8338
34 8402
34 8473
34 8488
34 8679
34 8890
34 9071
34 9307
34 9688
34 1836
34 9660
34 230
34 3444
34 4480
34 8164
35 78
35 98
35 190
35 221
35 298
35 656
35 898
35 1522
35 1529
35 1653
35 1674
35 1835
35 2035
35 2056
35 2197
35 2344
35 2490
35 2767
35 3000
35 3116
35 3244
35 3245
35 3292
35 3400
35 3423
35 3627
35 3804
35 4172
35 4342
35 4421
35 4564
35 4739
35 4767
35 5310
35 5408
35 5461
35 5468
35 5600
35 5648
35 5747
35 5842
35 5904
35 6412
35 6462
35 6848
35 6951
35 7026
35 7196
35 7357
35 7462
35 7527
35 7740
35 7805
35 7811
35 7900
35 8392
35 8526
35 8545
35 8768
35 8917
35 8944
35 9262
35 9290
35 9379
35 9410
35 9494
35 9684
35 9726
35 9948
35 7349
35 2438
35 7776
35 2068
35 8018
35 6604
36 65
36 67
36 155
36 272
36 345
36 497
36 635
36 840
36 1506
36 1548
36 1744
36 1991
36 2202
36 2293
36 2352
36 2375
36 2497
36 2500
36 2527
36 2622
36 2882
36 2955
36 2962
36 3187
36 3275
36 3327
36 3995
36 4056
36 4063
36 4461
36 4691
36 4950
36 5074
36 5112
36 5177
36 5716
36 5914
36 5968
36 5972
36 6221
36 6383
36 6853
36 7163
36 7660
36 7837
36 7853
36 7913
36 8045
36 8211
36 8454
36 8664
36 8707
36 9166
36 9193
36 9232
36 9269
36 9282
36 9295
36 9734
36 9772
36 9830
36 6076
36 9772
36 3481
36 1216
36 3287
36 9888
37 182
37 487
37 557
37 670
37 709
37 822
37 935
37 1075
37 1174
37 1307
37 1351
37 1412
37 1478
37 1592
37 1656
37 2028
37 2045
37 2049
37 2095
37 2115
37 2217
37 2378
37 2415
37 2526
37 2798
37 2832
37 2835
37 2992
37 3070
37 3101
37 3136
37 3142
37 3208
37 3496
37 3520
37 3704
37 3764
37 3773
37 3836
37 4052
37 4082
37 4178
37 4198
37 4312
37 4395
37 4508
37 4615
37 4619
37 4686
37 4694
37 4705
37 4747
37 5076
37 5109
37 5141
37 5145
37 5244
37 5520
37 5723
37 5752
37 5761
37 5792
37 5958
37 5984
37 6216
37 6310
37 6333
37 6570
37 6599
37 6640
37 6659
37 6660
37 6749
37 6763
37 6815
37 6948
37 7029
37 7093
37 7228
37 7378
37 7392
37 7395
37 7469
37 7484
37 7602
37 7637
37 7812
37 7858
37 7898
37 7986
37 8162
37 8508
37 8514
37 8818
37 8896
37 9013
37 9167
37 9254
37 9334
37 9359
37 9518
37 9536
37 9629
37 9855
37 9746
37 9062
37 8023
37 799
37 4339
37 7513
38 306
38 318
38 537
38 614
38 739
38 760
38 818
38 879
38 882
38 957
38 1198
38 1301
38 1364
38 1422
38 1486
38 1631
38 1652
38 1930
38 1941
38 2063
38 2162
38 2195
38 2283
38 2287
38 2694
38 2700
38 2834
38 2854
38 2982
38 2995
38 3044
38 3435
38 3582
38 4083
38 4330
38 4555
38 4626
38 4668
38 4723
38 4968
38 4974
38 5006
38 5108
38 5149
38 5350
38 5567
38 6437
38 6522
38 6574
38 6576
38 6730
38 6883
38 7366
38 7374
38 7746
38 7753
38 7861
38 8081
38 8113
38 8206
38 8416
38 8428
38 8431
38 8530
38 8952
38 9176
38 9190
38 9245
38 9263
38 9304
38 9317
38 9324
38 9346
38 9354
38 9500
38 9527
38 9621
38 9690
38 9882
38 9915
38 3439
38 2257
38 418
38 9520
38 7824
38 4148
39 123
39 130
39 277
39 284
39 484
39 510
39 620
39 780
39 826
39 902
39 908
39 1158
39 1311
39 1345
39 1406
39 1466
39 1951
39 2038
39 2107
39 2173
39 2191
39 2457
39 2549
39 2892
39 3012
39 3132
39 3531
39 3534
39 3542
39 3545
39 3775
39 3832
39 4019
39 4174
39 4681
39 4793
39 5089
39 5294
39 5296
39 5359
39 5466
39 5486
39 5731
39 6039
39 6181
39 6196
39 6346
39 6485
39 6767
39 6802
39 7007
39 7067
39 7082
39 7170
39 7247
39 7379
39 7416
39 7419
39 7443
39 7453
39 7496
39 7542
39 7789
39 8087
39 8197
39 8655
39 8931
39 9088
39 9091
39 9158
39 9348
39 9387
39 9555
39 9758
39 9781
39 9941
39 1895
39 7389
39 8465
39 150
39 2101
39 8421
40 69
40 427
40 859
40 967
40 1019
40 1155
40 1208
40 1272
40 1520
40 1545
40 1715
40 1748
40 1777
40 1894
40 1926
40 1959
40 2269
40 2450
40 2562
40 2618
40 2964
40 3251
40 3460
40 3622
40 3754
40 3806
40 4085
40 4193
40 4444
40 4458
40 4506
40 4671
40 4683
40 4871
40 5158
40 5250
40 5658
40 5675
40 5784
40 5999
40 6004
40 6106
40 6556
40 6585
40 6615
40 6932
40 6954
40 6981
40 7092
40 7254
40 7290
40 7296
40 7632
40 7777
40 7989
40 8257
40 8378
40 8411
40 8436
40 8499
40 8840
40 8908
40 8970
40 8996
40 9225
40 9228
40 9342
40 9415
40 9624
40 9707
40 9876
40 9061
40 3167
40 5383
40 6631
40 5946
40 5468
41 108
41 147
41 270
41 271
41 541
41 795
41 875
41 887
41 1057
41 1509
41 1513
41 1587
41 1822
41 1855
41 2015
41 2253
41 2420
41 2488
41 2696
41 2779
41 3115
41 3394
41 3481
41 3700
41 3732
41 4101
41 4116
41 4203
41 4319
41 4326
41 4382
41 4672
41 4912
41 4933
41 5003
41 5012
41 5031
41 5278
41 5342
41 5609
41 5763
41 5774
41 5802
41 5848
41 5892
41 6034
41 6115
41 6876
41 7080
41 7194
41 7313
41 7370
41 7455
41 7578
41 7841
41 7866
41 7896
41 8012
41 8183
41 8265
41 8388
41 8537
41 9038
41 9184
41 9234
41 9267
41 9561
41 9667
41 9678
41 9864
41 7290
41 2292
41 4547
41 3540
41 7885
41 6596
42 191
42 210
42 422
42 435
42 801
42 864
42 1000
42 1025
42 1054
42 1090
42 1171
42 1429
42 1535
42 1928
42 1972
42 2019
42 2451
42 2794
42 2822
42 2909
42 3161
42 3214
42 3215
42 3288
42 3370
42 3406
42 3540
42 3802
42 3830
42 3963
42 4189
42 4585
42 4675
42 4736
42 4773
42 4778
42 5002
42 5102
42 5117
42 5138
42 5661
42 5814
42 5891
42 5894
42 5929
42 5978
42 6109
42 6292
42 6295
42 6523
42 6852
42 6967
42 6990
42 7265
42 7420
42 7488
42 7697
42 7761
42 7915
42 7923
42 8028
42 8093
42 8182
42 8249
42 8399
42 8554
42 8667
42 8820
42 8949
42 8963
42 9014
42 9196
42 9209
42 9337
42 9403
42 9733
42 31
42 9160
42 570
42 1991
42 7666
42 9256
43 168
43 181
43 731
43 1564
43 1572
43 1725
43 1891
43 1901
43 1937
43 2145
43 2291
43 2333
43 2966
43 3071
43 3230
43 3324
43 3458
43 3756
43 4455
43 5243
43 5298
43 5336
43 5415
43 5539
43 6286
43 6813
43 7031
43 7071
43 7180
43 7417
43 8128
43 8433
43 8556
43 8600
43 8625
43 8704
43 8726
43 8771
43 8849
43 9065
43 9171
43 9247
43 9319
43 9435
43 9881
43 5354
43 2865
43 2964
43 7437
43 6223
43 1909
44 140
44 150
44 262
44 300
44 709
44 755
44 1075
44 1142
44 1339
44 1351
44 1518
44 1602
44 1687
44 1701
44 1718
44 2028
44 2115
44 2211
44 2217
44 2743
44 3010
44 3101
44 3208
44 3242
44 3520
44 3631
44 3725
44 3764
44 3773
44 3854
44 4082
44 4201
44 4312
44 4465
44 4508
44 4528
44 4594
44 4615
44 4619
44 4686
44 4705
44 4747
44 4801
44 5000
44 5076
44 5141
44 5145
44 5146
44 5244
44 5355
44 5520
44 5673
44 5723
44 5752
44 5884
44 6179
44 6216
44 6263
44 6273
44 6763
44 6815
44 6821
44 6830
44 6948
44 7029
44 7093
44 7137
44 7378
44 7484
44 7637
44 7644
44 7812
44 8024
44 8228
44 8367
44 8387
44 8508
44 8564
44 8896
44 8941
44 9167
44 9229
44 9359
44 9425
44 9697
44 9834
44 9912
44 3586
44 608
44 6527
44 5125
44 6037
44 425
45 421
45 580
45 692
45 992
45 1065
45 1070
45 1279
45 1283
45 1300
45 1683
45 2149
45 2358
45 2494
45 2950
45 3088
45 3190
45 3274
45 3491
45 3911
45 3927
45 4147
45 4157
45 4300
45 4565
45 4645
45 4830
45 4995
45 5110
45 5203
45 5290
45 5397
45 5421
45 5837
45 5862
45 6448
45 6496
45 6829
45 7574
45 7692
45 7768
45 7880
45 7943
45 8283
45 8357
45 8466
45 8951
45 9156
45 9194
45 9280
45 9288
45 9769
45 9885
45 8074
45 5819
45 1524
45 6224
45 6979
45 2348
46 77
46 280
46 500
46 526
46 588
46 589
46 717
46 734
46 1001
46 1062
46 1081
46 1216
46 1686
46 1800
46 1885
46 1897
46 2103
46 2174
46 2209
46 2294
46 2376
46 2389
46 2543
46 2631
46 2690
46 2907
46 2934
46 3054
46 3217
46 3263
46 3444
46 3546
46 3570
46 3810
46 3987
46 4006
46 4303
46 4563
46 4600
46 4821
46 4835
46 5041
46 5416
46 5604
46 5811
46 6000
46 6107
46 6461
46 6586
46 6643
46 6661
46 6962
46 7120
46 7765
46 7875
46 7933
46 8099
46 8108
46 8158
46 8227
46 8284
46 8539
46 8635
46 8800
46 8868
46 8943
46 9021
46 9095
46 9215
46 9274
46 9338
46 9419
46 9545
46 9560
46 9616
46 9703
46 9785
46 9866
46 3385
46 1236
46 8107
46 3481
46 253
46 3947
47 67
47 155
47 173
47 339
47 365
47 659
47 840
47 1042
47 1052
47 1376
47 1744
47 1852
47 2033
47 2375
47 2463
47 2527
47 2608
47 2639
47 3145
47 3187
47 3284
47 3424
47 3589
47 3611
47 3816
47 4056
47 4348
47 4612
47 4670
47 4707
47 4727
47 4804
47 4870
47 4948
47 5070
47 5112
47 5136
47 5221
47 5664
47 5850
47 5914
47 5991
47 6157
47 6257
47 6612
47 7106
47 7113
47 7163
47 7178
47 7199
47 7280
47 7526
47 7538
47 7552
47 7660
47 7747
47 7786
47 7837
47 7913
47 8045
47 8154
47 8211
47 8298
47 8430
47 8454
47 8618
47 8707
47 8718
47 9121
47 9166
47 9168
47 9232
47 9269
47 9282
47 9295
47 9308
47 9533
47 9581
47 9681
47 9734
47 9772
47 6811
47 8789
47 3942
47 7151
47 5567
47 4219
48 90
48 180
48 285
48 471
48 479
48 559
48 565
48 573
48 679
48 687
48 774
48 1113
48 1222
48 1227
48 1233
48 1246
48 1537
48 1721
48 1830
48 1832
48 2060
48 2159
48 2350
48 2384
48 2411
48 2552
48 2615
48 2704
48 2746
48 2750
48 2770
48 2953
48 3052
48 3415
48 3462
48 3557
48 3613
48 3615
48 3739
48 3886
48 3955
48 4048
48 4168
48 4282
48 4325
48 4430
48 4434
48 4488
48 4582
48 4682
48 4684
48 4701
48 4743
48 4774
48 5048
48 5095
48 5119
48 5315
48 5612
48 5875
48 5909
48 5911
48 5997
48 6148
48 6201
48 6241
48 6418
48 6764
48 6839
48 6857
48 6949
48 6978
48 7000
48 7025
48 7150
48 7281
48 7408
48 7762
48 7793
48 7965
48 7974
48 8074
48 8084
48 8307
48 8329
48 8331
48 8503
48 8509
48 8533
48 8574
48 8642
48 9197
48 9336
48 9349
48 9675
48 1391
48 2938
48 1470
48 1282
48 7841
48 6447
49 124
49 332
49 485
49 692
49 726
49 754
49 826
49 1065
49 1107
49 1658
49 1776
49 1951
49 2038
49 2168
49 2191
49 2223
49 2405
49 2571
49 2892
49 2902
49 2930
49 3025
49 3047
49 3096
49 3132
49 3395
49 3473
49 3528
49 3542
49 3609
49 3612
49 3648
49 3679
49 3775
49 3808
49 3832
49 3976
49 4114
49 4249
49 4394
49 4475
49 4570
49 4643
49 4793
49 4987
49 5107
49 5179
49 5207
49 5280
49 5533
49 5554
49 5639
49 5840
49 5862
49 5947
49 6038
49 6215
49 7066
49 7082
49 7124
49 7157
49 7328
49 7419
49 7821
49 7904
49 8025
49 8060
49 8684
49 9439
49 9555
49 9626
49 9764
49 9781
49 9929
49 4459
49 4799
49 4067
49 1802
49 7410
49 7237
50 58
50 473
50 651
50 825
50 845
50 917
50 1020
50 1172
50 1258
50 1362
50 1747
50 1762
50 1849
50 1856
50 1910
50 2043
50 2152
50 2207
50 2275
50 2308
50 2353
50 2441
50 2467
50 2507
50 2518
50 2590
50 2685
50 3218
50 3328
50 3603
50 3663
50 3765
50 3896
50 4013
50 4090
50 4165
50 4393
50 4505
50 4583
50 4815
50 4914
50 4919
50 5018
50 5360
50 5487
50 5691
50 5714
50 5748
50 5772
50 5803
50 5807
50 6077
50 6088
50 6125
50 6158
50 6218
50 6278
50 6434
50 6491
50 6671
50 6728
50 6731
50 7127
50 7244
50 7356
50 7521
50 7763
50 7790
50 7847
50 7905
50 8051
50 8118
50 8127
50 8129
50 8155
50 8310
50 8311
50 8355
50 8469
50 8546
50 8549
50 8568
50 8640
50 8683
50 8776
50 8832
50 8927
50 1814
50 7292
50 7384
50 6201
50 4176
50 8292
51 194
51 330
51 441
51 669
51 724
51 725
51 829
51 969
51 1170
51 1213
51 1230
51 1254
51 1304
51 1532
51 1699
51 2134
51 2178
51 2215
51 2224
51 2231
51 2332
51 2587
51 2828
51 2839
51 2861
51 2944
51 3134
51 3300
51 3440
51 3475
51 3777
51 3805
51 3948
51 4057
51 4121
51 4251
51 4278
51 4307
51 4734
51 4812
51 4855
51 4909
51 5072
51 5451
51 5457
51 6123
51 6479
51 6518
51 6670
51 7088
51 7172
51 7224
51 7459
51 7652
51 7780
51 7804
51 7957
51 7970
51 8157
51 8440
51 8702
51 8719
51 8932
51 9150
51 9239
51 9301
51 9380
51 9450
51 9566
51 9592
51 9609
51 9674
51 9899
51 5160
51 5453
51 3973
51 5810
51 8919
51 9877
52 147
52 195
52 251
52 541
52 601
52 712
52 730
52 887
52 1200
52 1297
52 1313
52 1513
52 1822
52 2015
52 2077
52 2232
52 2253
52 2363
52 2420
52 2509
52 2522
52 2539
52 2779
52 3077
52 3188
52 3481
52 3700
52 3778
52 3800
52 3991
52 4009
52 4208
52 4301
52 4319
52 4382
52 4429
52 4638
52 4673
52 4786
52 4798
52 5003
52 5012
52 5031
52 5170
52 5342
52 5595
52 5671
52 5763
52 5788
52 5802
52 5919
52 5939
52 6053
52 6173
52 6312
52 6331
52 6490
52 6944
52 7002
52 7206
52 7313
52 7352
52 7370
52 7383
52 7430
52 7505
52 7728
52 7781
52 7874
52 7896
52 8100
52 8219
52 8237
52 8505
52 8620
52 8972
52 9383
52 9613
52 9748
52 9934
52 9954
52 1382
52 6924
52 5359
52 6690
52 5648
52 9166
53 85
53 267
53 323
53 470
53 596
53 598
53 1063
53 1097
53 1175
53 1377
53 1536
53 2044
53 2059
53 2453
53 2649
53 2697
53 2716
53 2789
53 3011
53 3239
53 3267
53 3279
53 3548
53 3549
53 3935
53 4044
53 4061
53 4070
53 4173
53 4228
53 4281
53 4328
53 4940
53 4986
53 5020
53 5111
53 5331
53 5503
53 5769
53 5876
53 5989
53 6032
53 6224
53 6251
53 6493
53 6500
53 6639
53 6866
53 6886
53 7035
53 7085
53 7492
53 8300
53 8313
53 8344
53 8393
53 8448
53 8722
53 9078
53 9113
53 9417
53 9649
53 9969
53 7796
53 1443
53 621
53 6096
53 1913
54 189
54 383
54 386
54 404
54 555
54 705
54 741
54 929
54 1221
54 1284
54 1459
54 2041
54 2429
54 2701
54 2792
54 2802
54 2841
54 3001
54 3119
54 3157
54 3563
54 3695
54 3751
54 3954
54 4084
54 4391
54 4405
54 4445
54 4495
54 5061
54 5082
54 5262
54 5286
54 5420
54 5546
54 5680
54 5841
54 5960
54 6116
54 6200
54 6327
54 7095
54 7663
54 7799
54 8148
54 8216
54 8234
54 8274
54 8328
54 8354
54 8401
54 8442
54 8662
54 9003
54 9068
54 9139
54 9189
54 9391
54 9523
54 9531
54 9645
54 9724
54 9903
54 9914
54 9956
54 4116
54 6508
54 2686
54 8762
54 8166
54 9118
55 104
55 498
55 511
55 613
55 645
55 850
55 889
55 896
55 942
55 1111
55 1263
55 1421
55 1463
55 1551
55 1567
55 1759
55 1833
55 2705
55 2782
55 2869
55 3002
55 3005
55 3083
55 3120
55 3174
55 3291
55 3306
55 3433
55 3461
55 3653
55 3677
55 3763
55 3852
55 3897
55 4033
55 4170
55 4171
55 4412
55 4656
55 4706
55 4866
55 4985
55 5030
55 5063
55 5185
55 5358
55 5437
55 5635
55 5670
55 5676
55 5797
55 5830
55 5879
55 5883
55 5903
55 5982
55 6063
55 6122
55 6367
55 6384
55 6650
55 6740
55 6917
55 6930
55 7073
55 7153
55 7218
55 7311
55 7693
55 7775
55 7859
55 7964
55 8017
55 8175
55 8518
55 8865
55 8945
55 9112
55 9332
55 9369
55 9427
55 9749
55 7986
55 230
55 9753
55 5541
55 7670
55 2892
56 188
56 319
56 520
56 606
56 1245
56 1636
56 1743
56 1775
56 1989
56 2120
56 2165
56 2371
56 2404
56 2469
56 2479
56 2731
56 2883
56 2903
56 3261
56 3443
56 3605
56 3610
56 3862
56 4138
56 4187
56 4381
56 4519
56 4535
56 4936
56 5044
56 5067
56 5313
56 5341
56 5606
56 5660
56 6211
56 6298
56 6527
56 6552
56 6562
56 6662
56 6697
56 6762
56 6799
56 6861
56 7839
56 7872
56 7941
56 8049
56 8132
56 8528
56 8645
56 8784
56 8858
56 8911
56 8985
56 9075
56 9165
56 9313
56 9356
56 9462
56 9659
56 9944
56 9993
56 5695
56 7908
56 6411
56 1873
56 7153
56 4518
57 324
57 578
57 922
57 960
57 987
57 1338
57 1399
57 1408
57 1539
57 1630
57 1932
57 1952
57 1998
57 2081
57 2099
57 2125
57 2150
57 2180
57 2319
57 2326
57 2356
57 2422
57 2460
57 2512
57 2550
57 2551
57 2555
57 2666
57 2774
57 2816
57 2824
57 2991
57 3020
57 3085
57 3110
57 3117
57 3177
57 3544
57 3594
57 3656
57 3814
57 3913
57 3981
57 4007
57 4021
57 4102
57 4216
57 4329
57 4454
57 4534
57 4536
57 4690
57 4704
57 4852
57 5184
57 5245
57 5266
57 5393
57 5492
57 5786
57 6314
57 6648
57 6720
57 6761
57 6862
57 6977
57 7005
57 7074
57 7139
57 7286
57 7365
57 7415
57 7894
57 8008
57 8053
57 8071
57 8077
57 8098
57 8152
57 8229
57 8238
57 8510
57 8543
57 8555
57 8573
57 8624
57 8886
57 9025
57 9056
57 9148
57 9188
57 9195
57 9283
57 9365
57 9438
57 9573
57 9596
57 9753
57 9901
57 9964
57 5421
57 7931
57 1452
57 8733
57 8987
57 5656
58 315
58 917
58 1020
58 1143
58 1159
58 1258
58 1355
58 1453
58 1665
58 1747
58 1762
58 1842
58 1854
58 2152
58 2207
58 2275
58 2353
58 2467
58 2507
58 2685
58 2949
58 3144
58 3603
58 3765
58 3896
58 3989
58 4013
58 4016
58 4090
58 4162
58 4285
58 4393
58 4696
58 4715
58 4815
58 4919
58 5269
58 5360
58 5413
58 5510
58 5691
58 5772
58 5803
58 6076
58 6125
58 6218
58 6321
58 6581
58 6583
58 6628
58 6739
58 6777
58 6783
58 6794
58 6833
58 6984
58 7132
58 7437
58 7485
58 7612
58 8110
58 8127
58 8198
58 8230
58 8310
58 8355
58 8434
58 8446
58 8546
58 8549
58 8640
58 8750
58 8756
58 8762
58 8776
58 8927
58 9331
58 9376
58 9389
58 9441
58 9479
58 9562
58 9574
58 9902
58 9909
58 9952
58 9958
58 5175
58 1859
58 3821
58 2423
58 9116
58 7633
59 91
59 128
59 154
59 213
59 292
59 329
59 420
59 797
59 833
59 850
59 1092
59 1134
59 1514
59 1581
59 1628
59 1709
59 1714
59 1858
59 1929
59 2037
59 2104
59 2502
59 2516
59 2532
59 2560
59 2642
59 2880
59 2915
59 3050
59 3489
59 3653
59 3767
59 3835
59 3901
59 3939
59 3958
59 3990
59 4050
59 4109
59 4155
59 4175
59 4297
59 4356
59 4412
59 4637
59 4642
59 4741
59 4866
59 4892
59 4922
59 4942
59 5030
59 5253
59 5332
59 5351
59 5482
59 5507
59 5536
59 5780
59 5830
59 5879
59 5883
59 5907
59 6308
59 6353
59 6526
59 6703
59 6781
59 7091
59 7311
59 7361
59 7566
59 7600
59 7693
59 7714
59 8019
59 8073
59 8179
59 8412
59 8476
59 8500
59 8527
59 8669
59 8807
59 8945
59 9291
59 9372
59 9475
59 9492
59 5775
59 2298
59 1351
59 6692
59 401
59 8685
60 64
60 146
60 427
60 458
60 530
60 622
60 810
60 991
60 1155
60 1178
60 1208
60 1507
60 1545
60 1650
60 1748
60 1777
60 1973
60 1988
60 2484
60 2618
60 2637
60 2672
60 3240
60 3323
60 3363
60 3375
60 3622
60 3806
60 4179
60 4206
60 4267
60 4447
60 4608
60 4841
60 4871
60 4876
60 5105
60 5250
60 5506
60 5658
60 5784
60 5806
60 5999
60 6004
60 6043
60 6106
60 6428
60 6778
60 6932
60 6950
60 7296
60 7633
60 7777
60 7826
60 7989
60 8059
60 8306
60 8713
60 8780
60 9115
60 9119
60 9151
60 9340
60 9342
60 9453
60 9624
60 9780
60 9831
60 9999
60 365
60 5856
60 7908
60 7052
60 6962
60 1410
61 82
61 396
61 412
61 505
61 518
61 547
61 572
61 746
61 763
61 953
61 1056
61 1212
61 1290
61 1303
61 1676
61 1846
61 1939
61 2001
61 2225
61 2300
61 2324
61 2596
61 2776
61 2893
61 3065
61 3090
61 3179
61 3477
61 3717
61 3879
61 4077
61 4146
61 4151
61 4438
61 4556
61 4660
61 4813
61 4944
61 5083
61 5196
61 5547
61 5817
61 5851
61 5933
61 6049
61 6065
61 6203
61 6204
61 6309
61 6489
61 6529
61 6537
61 6804
61 6817
61 6888
61 7003
61 7033
61 7081
61 7266
61 7549
61 7555
61 7561
61 7638
61 7706
61 7715
61 7972
61 8063
61 8215
61 8458
61 8641
61 8660
61 8763
61 9041
61 9265
61 9292
61 9514
61 9677
61 9936
61 2927
61 6447
61 398
61 2151
61 7894
61 1641
62 136
62 358
62 425
62 478
62 551
62 641
62 851
62 978
62 1069
62 1397
62 1464
62 1606
62 1811
62 1906
62 2023
62 2318
62 2391
62 2866
62 2980
62 3041
62 3285
62 3353
62 3380
62 3772
62 4081
62 4199
62 4259
62 4378
62 4629
62 4752
62 4966
62 4979
62 4993
62 5169
62 5708
62 5928
62 5940
62 5985
62 6002
62 6003
62 6401
62 6408
62 6441
62 6476
62 6480
62 6624
62 6972
62 7016
62 7201
62 7203
62 7390
62 7438
62 7668
62 7895
62 7951
62 8126
62 8319
62 8336
62 8506
62 8698
62 8723
62 8810
62 9211
62 9297
62 9330
62 9496
62 9504
62 9513
62 9891
62 317
62 2205
62 7303
62 3893
62 4502
62 7800
63 571
63 919
63 1038
63 1122
63 1314
63 1441
63 1450
63 1661
63 1670
63 2022
63 2085
63 2276
63 2720
63 2855
63 2856
63 3026
63 3039
63 3247
63 3638
63 4104
63 4113
63 4156
63 4776
63 4781
63 5017
63 5028
63 5618
63 5975
63 5995
63 6185
63 6252
63 6299
63 6474
63 6645
63 6674
63 6809
63 7012
63 7105
63 7107
63 7131
63 7179
63 7305
63 7412
63 7428
63 7447
63 7481
63 7489
63 7534
63 7922
63 7985
63 8176
63 8289
63 8644
63 8852
63 9084
63 9318
63 9635
63 9720
63 9821
63 9840
63 9875
63 2144
63 8554
63 2991
63 5575
63 195
63 39
64 458
64 530
64 570
64 622
64 810
64 1982
64 1988
64 2484
64 2591
64 2637
64 2672
64 2826
64 2901
64 3056
64 3302
64 3323
64 3363
64 3375
64 3622
64 4179
64 4206
64 4345
64 4550
64 4608
64 4641
64 4796
64 4871
64 5068
64 5344
64 5491
64 5506
64 5611
64 5781
64 5784
64 5806
64 5998
64 5999
64 6027
64 6043
64 6138
64 6364
64 6778
64 6932
64 6950
64 7671
64 7769
64 7840
64 8306
64 8323
64 8421
64 8713
64 8755
64 8780
64 8924
64 9115
64 9119
64 9151
64 9340
64 9411
64 9551
64 9708
64 9767
64 9780
64 9831
64 9878
64 9999
64 5148
64 9293
64 5564
64 3349
64 7616
64 9720
65 119
65 345
65 635
65 1506
65 1976
65 1991
65 2202
65 2370
65 2497
65 2536
65 2622
65 2644
65 2955
65 3106
65 3210
65 3289
65 3327
65 3673
65 3995
65 3997
65 4063
65 4331
65 4377
65 4461
65 4691
65 4934
65 5638
65 5716
65 5968
65 5972
65 6853
65 6953
65 7042
65 7052
65 7364
65 7424
65 8245
65 8258
65 8787
65 9049
65 9193
65 9830
65 8624
65 4581
65 8402
65 6180
65 4196
65 2617
66 160
66 225
66 266
66 513
66 568
66 626
66 751
66 787
66 940
66 1078
66 1259
66 1321
66 1332
66 1816
66 1857
66 2007
66 2079
66 2317
66 2671
66 2849
66 3260
66 3457
66 3585
66 3664
66 3691
66 3834
66 3951
66 4076
66 4210
66 4437
66 4513
66 4621
66 4858
66 4983
66 5046
66 5055
66 5728
66 5874
66 5893
66 5902
66 5937
66 5954
66 6108
66 6379
66 6457
66 6463
66 6538
66 6631
66 6790
66 6846
66 6957
66 7189
66 7227
66 7285
66 7463
66 7486
66 7657
66 7681
66 7849
66 7857
66 7917
66 8018
66 8090
66 8125
66 8137
66 8308
66 8340
66 8541
66 8651
66 8685
66 8703
66 9227
66 9256
66 9257
66 9362
66 9416
66 9480
66 9730
66 9793
66 9853
66 4185
66 2483
66 1429
66 1439
66 123
66 3144
67 155
67 272
67 635
67 840
67 1042
67 1504
67 1506
67 1548
67 1744
67 1991
67 2293
67 2352
67 2375
67 2500
67 2527
67 2622
67 2639
67 2882
67 2962
67 3145
67 3187
67 3275
67 3327
67 3567
67 4056
67 4063
67 4461
67 4691
67 4707
67 4870
67 4950
67 5074
67 5112
67 5136
67 5177
67 5914
67 5972
67 6221
67 6383
67 6612
67 6853
67 7098
67 7106
67 7163
67 7280
67 7660
67 7747
67 7837
67 7853
67 7913
67 8045
67 8078
67 8211
67 8454
67 8664
67 8707
67 9166
67 9232
67 9269
67 9282
67 9295
67 9308
67 9734
67 9772
67 9830
67 5573
67 3656
67 9501
67 7619
67 297
67 4772
68 324
68 461
68 932
68 1079
68 1399
68 1408
68 1539
68 1638
68 1648
68 1840
68 1932
68 1952
68 1998
68 2102
68 2123
68 2221
68 2314
68 2319
68 2326
68 2394
68 2512
68 2706
68 2747
68 3151
68 3307
68 3378
68 3428
68 3521
68 3544
68 3791
68 3981
68 4021
68 4152
68 4200
68 4453
68 4454
68 4459
68 4534
68 4650
68 4690
68 4704
68 5184
68 5219
68 5245
68 5266
68 5284
68 5681
68 5751
68 5810
68 5923
68 5938
68 6055
68 6232
68 6600
68 6642
68 6675
68 6862
68 7022
68 7074
68 7283
68 7449
68 7482
68 7787
68 8240
68 8316
68 8360
68 8543
68 8624
68 8688
68 8921
68 8976
68 9148
68 9188
68 9200
68 9347
68 9537
68 9573
68 9717
68 9957
68 9964
68 1778
68 7542
68 6572
68 7265
68 5664
68 2271
69 427
69 859
69 1019
69 1044
69 1155
69 1178
69 1208
69 1483
69 1507
69 1520
69 1545
69 1715
69 1748
69 1777
69 1894
69 1926
69 2269
69 2450
69 2562
69 2618
69 2960
69 2964
69 3754
69 3792
69 3806
69 4085
69 4108
69 4193
69 4444
69 4506
69 4683
69 4841
69 4914
69 5158
69 5250
69 5658
69 5784
69 6004
69 6106
69 6556
69 6585
69 6615
69 6618
69 6954
69 6981
69 7092
69 7254
69 7290
69 7296
69 7632
69 7989
69 8378
69 8411
69 8499
69 8578
69 8817
69 8840
69 8908
69 8970
69 8996
69 9138
69 9228
69 9342
69 9415
69 9707
69 9836
69 9876
69 7560
69 2488
69 4223
69 514
69 4885
69 3476
70 588
70 589
70 964
70 1062
70 1216
70 1574
70 1584
70 1778
70 1987
70 2103
70 2174
70 2209
70 2376
70 2442
70 2543
70 2593
70 2690
70 2736
70 2917
70 3060
70 3212
70 3217
70 3236
70 3263
70 3387
70 3391
70 3444
70 3529
70 3810
70 3949
70 4060
70 4303
70 4562
70 4593
70 4631
70 4808
70 4835
70 4890
70 4982
70 5166
70 5192
70 5416
70 5422
70 5604
70 5654
70 6000
70 6074
70 6302
70 6626
70 6721
70 6726
70 7499
70 7528
70 7797
70 7947
70 7962
70 7981
70 8061
70 8285
70 8773
70 9082
70 9118
70 9123
70 9251
70 9320
70 9338
70 9419
70 9894
70 9928
70 9991
70 4795
70 6328
70 7797
70 8989
70 3808
70 1318
71 319
71 504
71 1084
71 1177
71 1570
71 1775
71 1812
71 2106
71 2166
71 2479
71 2708
71 2731
71 3028
71 3573
71 3605
71 3828
71 4270
71 4535
71 4677
71 4936
71 5029
71 5088
71 5321
71 5341
71 5465
71 6211
71 6265
71 6298
71 6376
71 6532
71 6552
71 6762
71 7664
71 7700
71 7725
71 7827
71 7872
71 7941
71 8361
71 8464
71 8628
71 8739
71 8928
71 8940
71 8985
71 9075
71 9165
71 9313
71 9462
71 9718
71 9993
71 6728
71 6086
71 2310
71 9638
71 5063
71 967
72 288
72 753
72 1002
72 1013
72 1059
72 1080
72 1184
72 1312
72 1806
72 2071
72 2097
72 2158
72 2161
72 2248
72 2347
72 2388
72 2462
72 2603
72 2646
72 2872
72 3081
72 3098
72 3131
72 3176
72 3264
72 3389
72 3411
72 3416
72 3654
72 3876
72 4089
72 4399
72 4605
72 4624
72 4676
72 4730
72 4795
72 4920
72 4991
72 5069
72 5087
72 5498
72 5552
72 5706
72 5709
72 5808
72 6030
72 6359
72 6395
72 6588
72 6835
72 6841
72 6907
72 7303
72 7309
72 7475
72 7829
72 7876
72 7996
72 8192
72 8235
72 8242
72 8366
72 8395
72 8522
72 8979
72 8986
72 9458
72 9796
72 9893
72 9898
72 9916
72 9965
72 9972
72 8242
72 6887
72 6946
72 2415
72 127
72 3957
73 100
73 289
73 305
73 381
73 502
73 1116
73 1145
73 1150
73 1161
73 1206
73 1271
73 1349
73 1754
73 1893
73 1980
73 2132
73 2153
73 2157
73 2270
73 2361
73 2446
73 2640
73 2647
73 2926
73 2998
73 3032
73 3372
73 3558
73 3564
73 4276
73 4369
73 4379
73 4748
73 4943
73 5182
73 5236
73 5401
73 5477
73 5518
73 5589
73 5607
73 5617
73 5683
73 5750
73 5859
73 6147
73 6291
73 6349
73 6453
73 6458
73 6710
73 6774
73 6905
73 6937
73 7032
73 7337
73 7413
73 7474
73 7558
73 7601
73 7611
73 7645
73 7669
73 7689
73 7699
73 7870
73 7878
73 8243
73 8277
73 8280
73 8632
73 8711
73 8957
73 9152
73 9392
73 9440
73 9577
73 9669
73 9841
73 3574
73 2745
73 1400
73 5742
73 679
73 7456
74 167
74 197
74 283
74 297
74 605
74 644
74 700
74 1010
74 1012
74 1199
74 1268
74 1324
74 1337
74 1623
74 1758
74 2030
74 2055
74 2252
74 2762
74 2775
74 2923
74 2939
74 2951
74 3062
74 3133
74 3172
74 3198
74 3350
74 3541
74 3698
74 3928
74 3979
74 4343
74 4560
74 4580
74 4792
74 5257
74 5276
74 5317
74 5337
74 5405
74 5460
74 5623
74 5695
74 5701
74 5744
74 5822
74 5826
74 5896
74 5897
74 6808
74 7063
74 7155
74 7349
74 7376
74 7477
74 7540
74 7684
74 8214
74 8515
74 8749
74 9070
74 9237
74 9375
74 9401
74 9850
74 9999
74 5342
74 9577
74 9576
74 7440
74 915
75 232
75 237
75 325
75 326
75 447
75 777
75 894
75 1021
75 1041
75 1182
75 1205
75 1503
75 1517
75 1549
75 1616
75 1637
75 1957
75 2027
75 2257
75 2282
75 2351
75 2464
75 2521
75 2653
75 2677
75 3009
75 3042
75 3227
75 3465
75 3511
75 3752
75 3811
75 3985
75 4055
75 4154
75 4289
75 4370
75 4500
75 4558
75 4956
75 5060
75 5217
75 5305
75 5316
75 5330
75 5721
75 6110
75 6276
75 6392
75 6497
75 6568
75 6655
75 6734
75 7023
75 7268
75 7332
75 7562
75 7748
75 8007
75 8122
75 8343
75 8364
75 8372
75 8552
75 8590
75 8816
75 8965
75 9114
75 9134
75 9454
75 9506
75 9721
75 9741
75 9746
75 9979
75 9992
75 6742
75 908
75 5402
75 4713
75 8810
75 2188
76 116
76 165
76 185
76 367
76 489
76 672
76 683
76 817
76 938
76 953
76 1303
76 1323
76 1335
76 1676
76 1704
76 1752
76 1781
76 1939
76 2096
76 2182
76 2242
76 2322
76 2355
76 2659
76 2797
76 2894
76 3341
76 3402
76 3720
76 3871
76 3915
76 4018
76 4294
76 4809
76 5054
76 5083
76 5143
76 5196
76 5307
76 5329
76 5335
76 5432
76 5445
76 5537
76 5542
76 5547
76 5568
76 5857
76 5889
76 5895
76 6065
76 6266
76 6343
76 6515
76 6535
76 6537
76 6696
76 6796
76 7055
76 7075
76 7109
76 7672
76 7706
76 7713
76 7879
76 7972
76 8063
76 8181
76 8200
76 8493
76 8559
76 8660
76 8661
76 9182
76 9185
76 9292
76 9293
76 9399
76 9514
76 9521
76 9618
76 9677
76 9776
76 9811
76 9936
76 8222
76 8638
76 5635
76 7860
76 8147
76 4973
77 280
77 481
77 526
77 588
77 589
77 734
77 803
77 1001
77 1062
77 1216
77 1574
77 1686
77 1756
77 1769
77 1770
77 1800
77 1987
77 2103
77 2174
77 2203
77 2376
77 2401
77 2690
77 2721
77 2726
77 2823
77 2947
77 3054
77 3217
77 3263
77 3444
77 3570
77 3601
77 3785
77 4303
77 4441
77 4520
77 4593
77 4716
77 4835
77 5041
77 5416
77 5604
77 5654
77 5811
77 5950
77 6074
77 6339
77 6461
77 6503
77 6616
77 6741
77 6826
77 6962
77 7099
77 7120
77 7402
77 7468
77 7573
77 7599
77 7796
77 7875
77 8001
77 8227
77 8285
77 8539
77 8868
77 8943
77 8969
77 9081
77 9251
77 9338
77 9419
77 9549
77 9616
77 9785
77 9823
77 9894
77 9991
77 4123
77 3320
77 3888
77 9960
77 1459
77 6154
78 118
78 311
78 341
78 656
78 813
78 903
78 1023
78 1529
78 1588
78 1674
78 2035
78 2056
78 2344
78 2490
78 2767
78 3000
78 3068
78 3116
78 3244
78 3334
78 3400
78 3423
78 3675
78 3866
78 4128
78 4140
78 4342
78 4596
78 4721
78 4739
78 4767
78 4882
78 5014
78 5065
78 5090
78 5310
78 5408
78 5461
78 5600
78 5648
78 5804
78 5835
78 5842
78 5945
78 6022
78 6264
78 6412
78 6462
78 6534
78 6848
78 6951
78 7026
78 7196
78 7357
78 7462
78 7548
78 7740
78 7773
78 7805
78 7811
78 7900
78 7952
78 8545
78 8708
78 8917
78 8944
78 9290
78 9398
78 9410
78 9662
78 9948
78 8324
78 3438
78 7757
78 6899
78 9808
78 5466
79 175
79 238
79 271
79 437
79 1135
79 1204
79 1445
79 1458
79 1515
79 1563
79 1677
79 1884
79 1954
79 2553
79 3084
79 3258
79 3312
79 3408
79 3485
79 3721
79 3722
79 3870
79 3898
79 4203
79 4217
79 4323
79 4326
79 4374
79 4617
79 4728
79 5242
79 5433
79 5534
79 5848
79 5863
79 5892
79 6137
79 6190
79 6341
79 6685
79 6693
79 6699
79 6828
79 6896
79 6904
79 7041
79 7245
79 7384
79 7529
79 7547
79 7560
79 7578
79 7731
79 7745
79 7841
79 7927
79 8151
79 8183
79 8383
79 8507
79 8617
79 8875
79 8887
79 8914
