0 14
0 15
0 21
0 28
0 33
0 36
0 45
0 61
0 71
0 78
0 86
0 92
0 99
0 5
1 16
1 22
1 25
1 64
1 65
1 69
1 85
1 29
1 53
2 4
2 13
2 38
2 73
2 46
2 52
2 49
3 7
3 29
3 37
3 44
3 49
3 53
3 56
3 59
3 75
3 76
3 82
3 98
3 5
3 89
3 97
4 13
4 24
4 25
4 38
4 73
4 81
4 18
4 43
4 63
5 14
5 15
5 20
5 36
5 39
5 72
5 3
5 66
5 56
6 10
6 19
6 46
6 49
6 50
6 55
6 76
6 62
6 30
6 82
7 29
7 37
7 44
7 49
7 53
7 56
7 59
7 75
7 76
7 82
7 84
7 98
7 91
7 24
7 83
8 46
8 52
8 62
8 67
8 88
8 91
8 99
8 87
8 91
8 22
9 21
9 23
9 34
9 41
9 45
9 78
9 92
9 97
9 51
9 4
9 20
10 17
10 19
10 27
10 42
10 43
10 46
10 50
10 52
10 89
10 95
10 75
10 52
10 36
11 18
11 32
11 47
11 48
11 62
11 63
11 67
11 68
11 77
11 84
11 87
11 91
11 90
11 10
11 27
12 58
12 59
12 60
12 61
12 66
12 74
12 77
12 78
12 83
12 87
12 93
12 94
12 21
12 99
12 49
13 25
13 38
13 73
13 52
13 73
13 93
14 15
14 20
14 36
14 39
14 73
14 34
14 84
15 20
15 28
15 33
15 36
15 71
15 86
15 21
15 87
15 52
16 25
16 64
16 65
16 69
16 27
16 93
16 91
17 19
17 27
17 42
17 43
17 89
17 95
17 48
17 11
17 88
18 35
18 47
18 48
18 57
18 63
18 67
18 68
18 70
18 77
18 80
18 88
18 91
18 96
18 52
18 48
18 13
19 27
19 42
19 43
19 46
19 50
19 52
19 89
19 95
19 45
19 34
19 79
20 28
20 36
20 66
20 19
20 15
21 28
21 33
21 36
21 45
21 71
21 86
21 87
21 35
21 44
22 25
22 53
22 56
22 65
22 69
22 98
22 71
22 97
22 70
23 30
23 34
23 41
23 78
23 92
23 96
23 97
23 39
23 48
23 32
24 29
24 44
24 51
24 54
24 60
24 73
24 81
24 93
24 71
24 16
25 29
25 53
25 65
25 69
25 73
25 81
25 53
25 52
25 55
26 49
26 53
26 55
26 56
26 76
26 98
26 99
26 61
26 88
27 42
27 43
27 52
27 97
27 21
28 33
28 36
28 71
28 86
28 96
28 18
28 10
29 44
29 51
29 53
29 73
29 81
29 93
29 40
29 18
30 34
30 35
30 79
30 80
30 85
30 92
30 96
30 97
30 23
30 38
30 88
31 40
31 57
31 70
31 85
31 90
31 21
31 89
31 19
32 37
32 46
32 48
32 49
32 50
32 62
32 68
32 75
32 84
32 91
32 31
32 78
33 36
33 45
33 71
33 86
33 50
33 92
33 94
34 41
34 92
34 97
34 33
34 92
34 24
35 47
35 63
35 67
35 68
35 70
35 77
35 80
35 85
35 91
35 96
35 97
35 15
35 45
35 55
36 45
36 71
36 86
36 85
36 31
36 49
37 48
37 49
37 50
37 58
37 59
37 75
37 82
37 84
37 87
37 78
37 97
37 14
38 72
38 73
38 31
38 70
38 43
39 72
39 51
39 64
39 0
40 57
40 70
40 79
40 80
40 85
40 90
40 47
40 92
40 70
41 92
41 97
41 30
41 56
41 56
42 43
42 95
42 64
42 65
42 77
43 89
43 95
43 80
43 28
43 80
44 51
44 54
44 58
44 59
44 60
44 81
44 82
44 94
44 93
44 63
44 86
45 71
45 86
45 55
45 42
45 27
46 50
46 52
46 62
46 75
46 84
46 95
46 45
46 62
46 54
47 48
47 62
47 63
47 67
47 68
47 77
47 87
47 91
47 96
47 71
47 22
47 96
48 62
48 63
48 67
48 68
48 75
48 77
48 84
48 87
48 91
48 44
48 5
48 53
49 50
49 56
49 75
49 76
49 84
49 98
49 58
49 60
49 20
50 55
50 75
50 76
50 98
50 31
50 2
50 20
51 54
51 58
51 59
51 60
51 66
51 81
51 82
51 93
51 94
51 20
51 26
51 61
52 62
52 89
52 95
52 99
52 63
52 57
52 11
53 56
53 65
53 76
53 98
53 42
53 72
53 61
54 60
54 61
54 66
54 81
54 94
54 98
54 78
54 34
55 56
55 76
55 98
55 21
55 70
55 27
56 76
56 98
56 36
56 69
56 19
57 70
57 88
57 88
57 39
57 7
58 59
58 60
58 66
58 74
58 82
58 83
58 84
58 87
58 93
58 94
58 50
58 73
58 19
59 60
59 66
59 75
59 82
59 84
59 87
59 93
59 94
59 9
59 46
59 76
60 61
60 66
60 74
60 82
60 83
60 87
60 93
60 94
60 99
60 83
60 85
61 66
61 74
61 78
61 83
61 93
61 94
61 48
61 42
61 53
62 67
62 68
62 88
62 91
62 99
62 40
62 7
62 35
63 67
63 68
63 77
63 80
63 87
63 91
63 96
63 17
63 83
63 85
64 69
64 92
64 95
64 47
65 69
65 87
65 2
65 40
66 74
66 78
66 83
66 87
66 93
66 94
66 25
66 53
66 86
67 68
67 77
67 87
67 88
67 91
67 52
67 24
67 45
68 77
68 84
68 87
68 91
68 46
68 85
68 12
69 72
69 8
69 41
70 79
70 80
70 85
70 90
70 55
70 49
70 59
71 86
71 62
71 17
71 89
72 16
72 12
72 73
73 81
73 50
73 5
73 92
74 77
74 78
74 83
74 87
74 93
74 94
74 96
74 43
74 92
74 77
75 82
75 84
75 87
75 29
75 7
75 34
76 98
76 33
76 6
76 43
77 87
77 91
77 93
77 96
77 47
77 14
77 60
78 83
78 92
78 93
78 48
78 25
78 9
79 80
79 85
79 90
79 97
79 16
79 50
79 23
80 85
80 90
80 96
80 97
80 92
80 47
80 31
81 4
81 17
81 33
82 84
82 87
82 94
82 58
82 34
82 19
83 87
83 93
83 94
83 38
83 44
83 27
84 87
84 91
84 17
84 9
84 42
85 90
85 39
85 54
85 59
86 8
86 92
86 29
87 91
87 93
87 94
87 35
87 34
87 35
88 99
88 0
88 35
88 52
89 95
89 92
89 10
89 21
90 49
90 68
90 22
91 37
91 29
91 10
92 97
92 32
92 53
92 9
93 94
93 17
93 13
93 46
94 87
94 13
94 70
95 96
95 96
95 39
96 97
96 52
96 14
96 8
97 9
97 91
97 12
98 51
98 67
98 68
99 46
99 16
99 80
