0 58
0 218
0 357
0 393
0 401
0 450
0 538
0 729
0 1213
0 1260
0 1371
0 1405
0 1466
0 2013
0 2030
0 2230
0 2234
0 2604
0 2804
0 2898
0 2959
0 2993
0 3171
0 3269
0 3382
0 3455
0 3496
0 3826
0 3892
0 3921
0 4192
0 4265
0 4339
0 4802
0 4871
0 5014
0 5045
0 5089
0 5141
0 5164
0 5178
0 5197
0 5312
0 5574
0 5827
0 6094
0 6124
0 6443
0 6851
0 6912
0 6919
0 6920
0 6923
0 7063
0 7155
0 7207
0 7388
0 7490
0 7539
0 7613
0 7654
0 7709
0 7733
0 8013
0 8403
0 8415
0 8573
0 8656
0 8752
0 8799
0 8955
0 8990
0 9125
0 9578
0 9694
0 9862
0 9924
0 8202
0 2014
0 6752
0 2728
0 1004
0 424
1 96
1 188
1 286
1 383
1 438
1 551
1 688
1 690
1 767
1 846
1 883
1 885
1 959
1 999
1 1264
1 1287
1 1351
1 1467
1 1503
1 1734
1 1789
1 1862
1 1887
1 1932
1 2046
1 2125
1 2412
1 2600
1 2646
1 3013
1 3151
1 3252
1 3338
1 3490
1 3710
1 3728
1 3770
1 3792
1 3802
1 3825
1 3984
1 4295
1 4343
1 4412
1 4473
1 4570
1 4693
1 4894
1 4968
1 5119
1 5216
1 5262
1 5279
1 5316
1 5354
1 5557
1 5656
1 5658
1 5660
1 5661
1 5684
1 6045
1 6086
1 6091
1 6164
1 6993
1 7107
1 7240
1 7576
1 7606
1 7960
1 8120
1 8136
1 8160
1 8205
1 8320
1 8373
1 8459
1 8460
1 8700
1 8947
1 8965
1 8999
1 9187
1 9294
1 9364
1 9398
1 9558
1 9570
1 9962
1 9992
1 5230
1 8019
1 7915
1 4900
1 3412
1 1465
2 42
2 109
2 456
2 458
2 687
2 1113
2 1118
2 1134
2 1138
2 1242
2 1389
2 1502
2 1564
2 1595
2 1631
2 1736
2 2245
2 2301
2 2336
2 2351
2 2391
2 2422
2 2444
2 2545
2 2555
2 2601
2 2676
2 2753
2 2770
2 2773
2 2792
2 2950
2 2964
2 3050
2 3139
2 3157
2 3180
2 3214
2 3545
2 3690
2 4341
2 4776
2 4963
2 4975
2 5070
2 5153
2 5170
2 5318
2 5380
2 5430
2 6050
2 6104
2 6146
2 6202
2 6290
2 6368
2 6429
2 6538
2 6662
2 6933
2 6994
2 7093
2 7162
2 7173
2 7285
2 7356
2 7435
2 7469
2 7550
2 7710
2 7915
2 8086
2 8302
2 8428
2 8611
2 8800
2 8830
2 8850
2 8970
2 9464
2 9527
2 9563
2 9602
2 9653
2 3184
2 260
2 6959
2 320
2 1110
2 6156
3 287
3 488
3 556
3 775
3 779
3 820
3 1157
3 1566
3 1588
3 1647
3 1760
3 1844
3 1941
3 1952
3 2079
3 2353
3 2720
3 3018
3 3061
3 3099
3 3164
3 3235
3 3730
3 3837
3 3910
3 3926
3 4087
3 4098
3 4188
3 4197
3 4206
3 4323
3 4399
3 4481
3 4528
3 4629
3 4829
3 5055
3 5112
3 5148
3 5434
3 5502
3 5634
3 5774
3 5834
3 5913
3 5932
3 6002
3 6132
3 6140
3 6187
3 6204
3 6382
3 6448
3 6512
3 6549
3 6743
3 6880
3 6925
3 6962
3 7055
3 7096
3 7334
3 7444
3 7494
3 7551
3 7563
3 8046
3 8138
3 8141
3 8215
3 8264
3 8276
3 8309
3 8357
3 8436
3 8451
3 8874
3 8929
3 8938
3 9109
3 9322
3 9588
3 9757
3 9807
3 2683
3 6946
3 36
3 7293
3 4298
3 2585
4 242
4 643
4 1192
4 1221
4 1306
4 1318
4 1893
4 2182
4 2360
4 2430
4 2509
4 2574
4 2657
4 2703
4 2743
4 3152
4 3237
4 3248
4 3312
4 3969
4 4029
4 4174
4 4178
4 4241
4 4263
4 4432
4 4433
4 4452
4 4628
4 4764
4 4991
4 5161
4 5167
4 5169
4 5284
4 5303
4 5325
4 5367
4 5457
4 5475
4 5476
4 5585
4 6235
4 6261
4 6363
4 6503
4 6628
4 6755
4 6964
4 7023
4 7121
4 7134
4 7221
4 7354
4 7368
4 7401
4 7406
4 7529
4 7556
4 7615
4 7626
4 7832
4 7920
4 7950
4 8010
4 8152
4 8291
4 8616
4 8654
4 8702
4 8738
4 8774
4 8824
4 8857
4 8907
4 8976
4 9028
4 9267
4 9318
4 9324
4 9392
4 9461
4 9586
4 9596
4 9672
4 9690
4 9733
4 9855
4 9885
4 9966
4 9970
4 6621
4 8281
4 2742
4 4455
4 1967
4 370
5 36
5 56
5 412
5 519
5 526
5 642
5 685
5 955
5 1092
5 1295
5 1335
5 1676
5 1819
5 1988
5 2084
5 2086
5 2280
5 2285
5 2511
5 2677
5 2812
5 2924
5 2987
5 3074
5 3176
5 3326
5 3391
5 3780
5 4114
5 4300
5 4466
5 4583
5 4625
5 4772
5 4787
5 4796
5 4815
5 5000
5 5049
5 5207
5 5326
5 5515
5 5811
5 5824
5 5857
5 6030
5 6198
5 6323
5 6541
5 6552
5 6575
5 6953
5 7070
5 7172
5 7206
5 7237
5 7367
5 7554
5 7604
5 7656
5 7721
5 7734
5 7753
5 8019
5 8040
5 8095
5 8354
5 8384
5 8788
5 8924
5 8980
5 9190
5 9230
5 9262
5 9477
5 9509
5 9682
5 6063
5 159
5 9677
5 2371
5 1468
5 2574
6 186
6 383
6 472
6 509
6 596
6 600
6 830
6 850
6 884
6 1064
6 1178
6 1216
6 1233
6 1277
6 1449
6 1455
6 1549
6 1748
6 1778
6 1936
6 2041
6 2126
6 2186
6 2317
6 2397
6 2417
6 2455
6 2459
6 2472
6 2505
6 2513
6 2750
6 3024
6 3027
6 3078
6 3185
6 3190
6 3441
6 3490
6 3724
6 3753
6 3786
6 3911
6 4498
6 4504
6 4560
6 4862
6 4866
6 4901
6 4912
6 5111
6 5138
6 5212
6 5550
6 6273
6 6554
6 6555
6 6576
6 6648
6 6816
6 6837
6 7107
6 7126
6 7674
6 7756
6 7763
6 7782
6 7836
6 7885
6 8732
6 8770
6 8863
6 9075
6 9294
6 9403
6 9525
6 9736
6 9863
6 9992
6 2871
6 5507
6 8775
6 3777
6 1206
6 4742
7 223
7 277
7 375
7 418
7 591
7 773
7 793
7 901
7 1068
7 1091
7 1314
7 1816
7 2188
7 2204
7 2448
7 2458
7 2525
7 2527
7 2783
7 2877
7 2895
7 2896
7 3058
7 3085
7 3181
7 3410
7 3485
7 3764
7 3820
7 4155
7 4203
7 4258
7 4527
7 4539
7 4640
7 4647
7 4870
7 4910
7 5021
7 5206
7 5208
7 5487
7 5521
7 5594
7 5752
7 5893
7 5906
7 5967
7 6014
7 6160
7 6193
7 6353
7 6426
7 6457
7 6634
7 6838
7 6901
7 6935
7 7082
7 7113
7 7197
7 7382
7 7414
7 7488
7 7687
7 8100
7 8161
7 8169
7 8331
7 8345
7 8704
7 9027
7 9087
7 9184
7 9310
7 9512
7 9815
7 9826
7 9968
7 385
7 5011
7 944
7 1705
7 6296
7 7139
8 131
8 200
8 259
8 262
8 297
8 499
8 593
8 630
8 778
8 799
8 983
8 1262
8 1334
8 1561
8 1594
8 1606
8 1618
8 1766
8 1861
8 1998
8 2033
8 2044
8 2059
8 2223
8 2229
8 2293
8 2492
8 2544
8 2739
8 2852
8 3035
8 3247
8 3272
8 3463
8 3525
8 3593
8 3740
8 3868
8 3905
8 3964
8 4008
8 4074
8 4158
8 4208
8 4534
8 4660
8 4775
8 4857
8 4950
8 4994
8 5446
8 5528
8 5626
8 5724
8 5773
8 5783
8 5805
8 5874
8 6023
8 6119
8 6129
8 6530
8 6785
8 6845
8 7114
8 7194
8 7542
8 7714
8 7800
8 7833
8 8410
8 8692
8 8741
8 8785
8 8840
8 8886
8 9043
8 9077
8 9100
8 9174
8 9894
8 9940
8 9980
8 7800
8 1893
8 5865
8 4933
8 8956
8 6297
9 19
9 543
9 559
9 610
9 618
9 723
9 842
9 892
9 1116
9 1215
9 1293
9 1933
9 1979
9 2006
9 2168
9 2262
9 2376
9 2425
9 2571
9 2874
9 2912
9 2928
9 3045
9 3189
9 3231
9 3303
9 3355
9 3414
9 3421
9 3425
9 4059
9 4069
9 4100
9 4133
9 4542
9 4561
9 4674
9 4822
9 5100
9 5102
9 5304
9 5544
9 5628
9 5686
9 5921
9 6189
9 6301
9 6362
9 6592
9 6652
9 6691
9 6899
9 7086
9 7125
9 7290
9 7377
9 7389
9 7410
9 7682
9 8037
9 8209
9 8230
9 8231
9 8281
9 8523
9 8532
9 8550
9 8636
9 9076
9 9078
9 9182
9 9378
9 9618
9 9647
9 9651
9 9784
9 9811
9 9902
9 9934
9 397
9 1080
9 5213
9 7356
9 1640
9 5824
10 60
10 219
10 298
10 317
10 397
10 544
10 732
10 851
10 909
10 1124
10 1253
10 1517
10 1518
10 2002
10 2114
10 2163
10 2237
10 2414
10 2496
10 2659
10 2757
10 2768
10 3075
10 3145
10 3233
10 3621
10 3635
10 3707
10 4051
10 4063
10 4113
10 4355
10 4548
10 4735
10 4908
10 4943
10 4973
10 5263
10 5356
10 5392
10 5400
10 5473
10 5547
10 5567
10 5762
10 6057
10 6222
10 6437
10 6507
10 6574
10 6696
10 6766
10 6846
10 6883
10 6956
10 6965
10 7627
10 7939
10 8066
10 8388
10 8566
10 8576
10 8757
10 8792
10 9059
10 9306
10 9383
10 9644
10 9750
10 9799
10 9872
10 9874
10 9998
10 9794
10 8001
10 4834
10 1775
10 7827
10 2686
11 399
11 414
11 1039
11 1151
11 1568
11 1815
11 2008
11 2043
11 2051
11 2210
11 2510
11 2619
11 2631
11 2778
11 3109
11 3475
11 3549
11 4066
11 4276
11 4305
11 4678
11 4807
11 4808
11 4890
11 5287
11 5349
11 5854
11 5926
11 6018
11 6110
11 6244
11 6267
11 6334
11 6340
11 6413
11 6435
11 6524
11 6622
11 6971
11 7021
11 7336
11 7433
11 7880
11 7914
11 8343
11 8775
11 9220
11 9534
11 9565
11 9935
11 6650
11 2745
11 9135
11 941
11 1877
11 3659
12 252
12 392
12 558
12 758
12 1131
12 1471
12 1539
12 1540
12 1846
12 1849
12 1867
12 2162
12 2202
12 2220
12 2573
12 2575
12 2665
12 2754
12 2782
12 2867
12 3146
12 3244
12 3452
12 3538
12 3547
12 3692
12 3704
12 3884
12 3962
12 4001
12 4040
12 4350
12 4428
12 4626
12 5048
12 5146
12 5183
12 5260
12 5402
12 5511
12 5516
12 5732
12 5767
12 5858
12 5976
12 6061
12 6237
12 6274
12 6289
12 6658
12 6759
12 6791
12 6810
12 7174
12 7409
12 7446
12 7630
12 7761
12 8121
12 8206
12 8300
12 8443
12 8681
12 9106
12 9492
12 9531
12 9589
12 9679
12 9681
12 4414
12 38
12 6684
12 5807
12 4212
12 8794
13 105
13 198
13 222
13 570
13 631
13 647
13 649
13 709
13 715
13 834
13 835
13 1127
13 1190
13 1315
13 1365
13 1387
13 1547
13 1654
13 1692
13 1718
13 1970
13 2004
13 2625
13 2717
13 2733
13 3515
13 3537
13 3602
13 3632
13 3935
13 3981
13 4371
13 4382
13 4410
13 4503
13 4840
13 4860
13 5132
13 5256
13 5352
13 5611
13 5631
13 5998
13 6073
13 6138
13 6311
13 6333
13 6400
13 6608
13 6612
13 6744
13 6960
13 6972
13 7321
13 7366
13 7514
13 7569
13 7900
13 7986
13 8030
13 8060
13 8148
13 8224
13 8234
13 8348
13 8430
13 8445
13 8708
13 8836
13 9019
13 9137
13 9244
13 9266
13 9886
13 7655
13 9864
13 5556
13 2556
13 5330
13 2282
14 54
14 66
14 483
14 532
14 872
14 1524
14 1619
14 1708
14 1908
14 2003
14 2107
14 2119
14 2449
14 2490
14 2507
14 2605
14 2629
14 2829
14 2860
14 2881
14 2952
14 3124
14 3450
14 3606
14 3639
14 3720
14 3909
14 3948
14 3949
14 3988
14 3991
14 4423
14 4485
14 4924
14 5171
14 5226
14 5248
14 5386
14 5410
14 5470
14 5581
14 5789
14 5929
14 6003
14 6090
14 6291
14 6314
14 6350
14 6495
14 6664
14 6716
14 6946
14 7088
14 7209
14 7210
14 7214
14 7274
14 7317
14 7348
14 7728
14 7750
14 7779
14 7973
14 7989
14 8021
14 8055
14 8090
14 8130
14 8301
14 8390
14 8572
14 8639
14 9040
14 9052
14 9199
14 9462
14 9655
14 9721
14 9849
14 8194
14 8694
14 9919
14 4849
14 5328
14 1247
15 171
15 298
15 544
15 589
15 732
15 851
15 909
15 990
15 1124
15 1605
15 2109
15 2114
15 2159
15 2163
15 2237
15 2341
15 2426
15 2496
15 2598
15 2641
15 2659
15 2757
15 2798
15 2915
15 3186
15 3621
15 3626
15 3707
15 4056
15 4113
15 4354
15 4454
15 4908
15 4973
15 5356
15 5392
15 5409
15 5441
15 5738
15 5795
15 6125
15 6296
15 6348
15 6570
15 6883
15 6911
15 6965
15 7138
15 7295
15 7331
15 7443
15 7461
15 7567
15 7659
15 7917
15 7939
15 8066
15 8137
15 8261
15 8498
15 8576
15 8757
15 8936
15 9053
15 9059
15 9112
15 9256
15 9276
15 9522
15 9799
15 9874
15 9912
15 5877
15 8280
15 6269
15 9176
15 6327
15 4639
16 81
16 121
16 244
16 356
16 493
16 698
16 743
16 929
16 1103
16 1298
16 1611
16 1682
16 1935
16 1995
16 2089
16 2375
16 2578
16 2624
16 2816
16 3279
16 3495
16 3597
16 3658
16 3660
16 3726
16 3807
16 4026
16 4166
16 4226
16 4704
16 4743
16 4952
16 4979
16 5109
16 5384
16 5571
16 5769
16 5850
16 5922
16 5939
16 6000
16 6243
16 6511
16 6548
16 6562
16 6583
16 6976
16 7079
16 7205
16 7394
16 7611
16 7649
16 7735
16 7742
16 8070
16 8211
16 8364
16 8463
16 8515
16 8549
16 8733
16 8835
16 9018
16 9590
16 9629
16 9918
16 8271
16 8832
16 9216
16 7340
16 3780
16 2569
17 30
17 160
17 473
17 527
17 568
17 704
17 720
17 838
17 1052
17 1237
17 1320
17 1321
17 1470
17 1552
17 1850
17 1964
17 1966
17 2216
17 2267
17 2365
17 2439
17 2468
17 2711
17 2725
17 2892
17 3370
17 4261
17 4667
17 4872
17 4896
17 5013
17 5032
17 5078
17 5090
17 5135
17 5371
17 5414
17 5455
17 5589
17 5595
17 5646
17 5787
17 5808
17 5916
17 6199
17 6212
17 6444
17 6581
17 6642
17 6668
17 6726
17 6857
17 7083
17 7133
17 7160
17 7332
17 7339
17 7412
17 7516
17 7587
17 7605
17 7703
17 7852
17 8094
17 8219
17 8263
17 8394
17 8395
17 8608
17 8685
17 8875
17 8878
17 8971
17 9010
17 9200
17 9214
17 9298
17 9347
17 9639
17 9909
17 9957
17 3857
17 2981
17 9540
17 8361
17 387
17 8921
18 34
18 173
18 304
18 440
18 524
18 601
18 956
18 1128
18 1132
18 1186
18 1589
18 1620
18 1659
18 1741
18 1835
18 1895
18 2196
18 2251
18 2282
18 2349
18 2403
18 2469
18 2701
18 2755
18 2863
18 2984
18 3317
18 3324
18 3699
18 3866
18 3915
18 3947
18 4021
18 4034
18 4099
18 4134
18 4443
18 4501
18 4531
18 4546
18 4682
18 4847
18 5082
18 5575
18 5617
18 5629
18 5728
18 5765
18 5979
18 6010
18 6069
18 6150
18 6171
18 6465
18 6479
18 6546
18 6671
18 6750
18 6758
18 6939
18 7258
18 7429
18 7464
18 7541
18 7664
18 7693
18 7770
18 7785
18 7970
18 8011
18 8151
18 8536
18 8897
18 8949
18 9017
18 9204
18 9213
18 9238
18 9432
18 9445
18 9547
18 9656
18 9967
18 9985
18 2262
18 5326
18 3025
18 2643
18 2801
18 3835
19 50
19 250
19 285
19 543
19 611
19 618
19 723
19 892
19 963
19 1145
19 1215
19 1486
19 1515
19 1854
19 1933
19 2168
19 2231
19 2376
19 2425
19 2571
19 2830
19 2874
19 2912
19 3045
19 3189
19 3215
19 3231
19 3303
19 3355
19 3414
19 3421
19 3509
19 3766
19 4100
19 4133
19 4338
19 4542
19 4561
19 4725
19 4822
19 5096
19 5100
19 5102
19 5544
19 5628
19 5672
19 6189
19 6301
19 6326
19 6362
19 6420
19 6488
19 6652
19 6708
19 6741
19 6839
19 6899
19 7125
19 7178
19 7290
19 7369
19 7377
19 7380
19 7389
19 7410
19 7682
19 8037
19 8209
19 8231
19 8532
19 8636
19 9076
19 9105
19 9378
19 9618
19 9647
19 9717
19 9784
19 9811
19 9902
19 9934
19 9537
19 1437
19 6135
19 411
19 2238
19 115
20 361
20 537
20 833
20 875
20 898
20 951
20 1028
20 1198
20 1398
20 1410
20 1655
20 2331
20 3183
20 3284
20 3334
20 3366
20 3416
20 3601
20 3844
20 3992
20 4068
20 4115
20 4495
20 4798
20 5507
20 5779
20 5887
20 6255
20 6336
20 6379
20 6384
20 6635
20 6675
20 6815
20 6875
20 6884
20 7000
20 7019
20 7049
20 7064
20 7248
20 7424
20 7456
20 7717
20 7887
20 7999
20 8091
20 8159
20 8220
20 8334
20 8409
20 8527
20 8533
20 8834
20 8853
20 8918
20 8922
20 8996
20 9582
20 9595
20 6760
20 1828
20 2762
20 6348
20 9135
20 8747
21 142
21 230
21 336
21 428
21 513
21 541
21 719
21 763
21 770
21 810
21 822
21 860
21 865
21 903
21 1022
21 1148
21 1166
21 1173
21 1179
21 1188
21 1258
21 1289
21 1290
21 1456
21 1499
21 1610
21 1883
21 2400
21 2424
21 2749
21 2790
21 2876
21 3169
21 3210
21 3506
21 3507
21 3557
21 3582
21 3620
21 3675
21 3761
21 3822
21 4319
21 4422
21 4447
21 4507
21 4551
21 4652
21 4741
21 4797
21 4881
21 4907
21 4936
21 5026
21 5372
21 5577
21 5587
21 5831
21 5993
21 6131
21 6133
21 6157
21 6177
21 6185
21 6387
21 6424
21 6459
21 6471
21 6659
21 6680
21 6786
21 6897
21 7069
21 7154
21 7225
21 7297
21 7524
21 7540
21 7789
21 7969
21 8305
21 8490
21 8505
21 8577
21 8637
21 8693
21 8696
21 8808
21 8838
21 8854
21 8902
21 8984
21 9264
21 9334
21 9510
21 9638
21 9715
21 9873
21 9893
21 8644
21 2959
21 2385
21 6172
21 385
21 1782
22 31
22 786
22 965
22 1349
22 1373
22 1487
22 1512
22 1657
22 1762
22 1814
22 1842
22 1920
22 2261
22 2334
22 2339
22 2664
22 2819
22 3044
22 3395
22 3504
22 3702
22 3717
22 3729
22 3895
22 3950
22 4057
22 4248
22 4260
22 4609
22 4911
22 4995
22 5311
22 5463
22 5496
22 5704
22 5842
22 5961
22 5965
22 6015
22 6489
22 6653
22 6800
22 6843
22 6854
22 6942
22 6943
22 7300
22 7301
22 7395
22 7510
22 7522
22 7614
22 7816
22 7869
22 7895
22 7896
22 7901
22 8029
22 8315
22 8449
22 8619
22 8641
22 8848
22 8928
22 8977
22 9999
22 8192
22 3726
22 6941
22 3431
22 7433
22 3546
23 209
23 357
23 393
23 411
23 554
23 650
23 729
23 1029
23 1371
23 1733
23 1772
23 1885
23 1975
23 2234
23 2499
23 2604
23 2804
23 2805
23 2815
23 2959
23 3170
23 3382
23 3465
23 3555
23 3580
23 3623
23 3892
23 4031
23 4058
23 4151
23 4375
23 4434
23 4830
23 5038
23 5154
23 5178
23 5506
23 5853
23 6124
23 6355
23 6443
23 6573
23 6851
23 6912
23 6923
23 7116
23 7155
23 7267
23 7733
23 8013
23 8293
23 8372
23 8453
23 8684
23 8698
23 8821
23 8892
23 8957
23 9063
23 9472
23 9578
23 9650
23 9694
23 9862
23 9866
23 9924
23 1981
23 9821
23 6033
23 6906
23 6015
23 9548
24 47
24 216
24 271
24 515
24 531
24 553
24 759
24 962
24 1201
24 1225
24 1435
24 1602
24 1715
24 1865
24 1955
24 2537
24 2846
24 2980
24 2990
24 3319
24 3345
24 3427
24 3483
24 3814
24 3817
24 4122
24 4140
24 4173
24 4286
24 4357
24 4439
24 4645
24 4916
24 4957
24 5019
24 5184
24 5722
24 5766
24 5873
24 6044
24 6230
24 6251
24 6264
24 6298
24 6402
24 6469
24 6618
24 6619
24 6621
24 6811
24 6951
24 6984
24 7052
24 7227
24 7265
24 7383
24 7792
24 7891
24 7941
24 7957
24 8328
24 8393
24 8625
24 8777
24 8998
24 9135
24 9400
24 9482
24 9493
24 9517
24 9817
24 9867
24 9883
24 9993
24 1703
24 6594
24 2798
24 2597
24 7069
24 5922
25 61
25 100
25 161
25 217
25 337
25 454
25 595
25 824
25 1014
25 1100
25 1227
25 1558
25 1691
25 1783
25 2018
25 2256
25 2406
25 2431
25 2464
25 2969
25 3066
25 3086
25 3088
25 3089
25 3102
25 3106
25 3363
25 3765
25 3925
25 4005
25 4193
25 4370
25 4398
25 4442
25 4457
25 4573
25 4622
25 4831
25 5142
25 5144
25 5272
25 5320
25 5477
25 6299
25 6436
25 6518
25 6770
25 6779
25 6783
25 6860
25 7498
25 7584
25 7607
25 7690
25 7867
25 8004
25 8025
25 8248
25 8448
25 8468
25 8650
25 8778
25 8911
25 8916
25 9055
25 9057
25 9280
25 9559
25 9630
25 9675
25 1295
25 9866
25 3023
25 4898
25 3423
25 5634
26 181
26 403
26 677
26 731
26 790
26 871
26 1017
26 1141
26 1658
26 1878
26 1944
26 2258
26 2515
26 2563
26 2566
26 2833
26 2835
26 2868
26 2937
26 3038
26 3046
26 3122
26 3586
26 3751
26 4088
26 4187
26 4413
26 4848
26 5003
26 5418
26 5456
26 5636
26 5679
26 5809
26 5828
26 6191
26 6276
26 6375
26 6601
26 6632
26 6721
26 6723
26 6944
26 6991
26 7048
26 7087
26 7208
26 7405
26 7555
26 7572
26 7639
26 7823
26 8008
26 8043
26 8134
26 8295
26 8308
26 8513
26 8539
26 8586
26 8776
26 9031
26 9169
26 9254
26 9343
26 9429
26 9669
26 9691
26 9814
26 8695
26 9509
26 5354
26 387
26 8356
26 9262
27 186
27 305
27 469
27 525
27 596
27 600
27 686
27 695
27 750
27 977
27 1042
27 1645
27 1747
27 1758
27 1778
27 1843
27 1884
27 2040
27 2112
27 2197
27 2644
27 2690
27 2832
27 2935
27 3390
27 3401
27 3459
27 3656
27 3815
27 3867
27 4387
27 4722
27 4948
27 5111
27 5394
27 5431
27 5468
27 5582
27 5627
27 5678
27 5736
27 5856
27 5882
27 6036
27 6206
27 6286
27 6303
27 6383
27 6432
27 6570
27 7071
27 7262
27 7461
27 7715
27 7787
27 7836
27 7857
27 8038
27 8117
27 8154
27 8261
27 8363
27 8471
27 8506
27 8790
27 8825
27 8863
27 9113
27 9150
27 9170
27 9256
27 9282
27 9415
27 9473
27 9768
27 9858
27 9907
27 9917
27 9963
27 8599
27 1959
27 9913
27 656
27 484
27 8128
28 40
28 41
28 114
28 210
28 423
28 599
28 661
28 674
28 676
28 869
28 1171
28 1202
28 1390
28 1695
28 1876
28 2191
28 2206
28 2503
28 2524
28 2869
28 3026
28 3160
28 3290
28 3488
28 3516
28 3532
28 3563
28 3587
28 3607
28 3983
28 4282
28 4325
28 4384
28 4472
28 4844
28 4954
28 5105
28 5490
28 5504
28 5554
28 5565
28 5584
28 6259
28 6776
28 6781
28 6878
28 6905
28 6938
28 6986
28 6998
28 7282
28 7355
28 7819
28 7845
28 7985
28 8092
28 8101
28 8347
28 8571
28 8659
28 8804
28 8865
28 8870
28 9067
28 9336
28 9707
28 9788
28 9804
28 9824
28 9861
28 9897
28 8639
28 2356
28 9175
28 1089
28 3993
28 6441
29 138
29 321
29 930
29 1344
29 1491
29 1828
29 2225
29 2529
29 2620
29 2729
29 2761
29 2939
29 2968
29 3153
29 3294
29 3347
29 3498
29 3524
29 3591
29 3615
29 3746
29 3985
29 4032
29 4275
29 4372
29 4392
29 4477
29 4927
29 5145
29 5204
29 5269
29 5315
29 5510
29 5527
29 5624
29 5794
29 6499
29 6568
29 6849
29 7033
29 7180
29 7260
29 7437
29 7601
29 7731
29 7841
29 7844
29 7876
29 7908
29 7928
29 8018
29 8217
29 8442
29 8555
29 8558
29 8846
29 8849
29 9033
29 9146
29 9289
29 9307
29 9583
29 9584
29 9936
29 996
29 8891
29 1139
29 6628
29 4711
29 9734
30 160
30 473
30 704
30 720
30 1052
30 1237
30 1552
30 1764
30 1850
30 1964
30 1966
30 2080
30 2267
30 2365
30 2439
30 2711
30 2892
30 3207
30 3370
30 3993
30 4237
30 4242
30 4261
30 4349
30 4632
30 4841
30 4872
30 4896
30 5013
30 5032
30 5078
30 5090
30 5135
30 5247
30 5414
30 5447
30 5482
30 5589
30 5595
30 5632
30 5646
30 5916
30 6199
30 6212
30 6444
30 6642
30 6668
30 6726
30 6733
30 6930
30 7025
30 7050
30 7083
30 7133
30 7160
30 7332
30 7339
30 7412
30 7483
30 7516
30 7587
30 7605
30 7622
30 7703
30 7852
30 8219
30 8263
30 8294
30 8394
30 8395
30 8420
30 8587
30 8731
30 8826
30 8906
30 8971
30 9175
30 9214
30 9298
30 9639
30 9871
30 9909
30 9957
30 6625
30 3426
30 6651
30 7162
30 3112
30 2926
31 129
31 388
31 1195
31 1345
31 1359
31 1512
31 1657
31 1762
31 1767
31 1814
31 1842
31 2142
31 2339
31 2581
31 2652
31 2730
31 2819
31 2831
31 2850
31 3044
31 3395
31 3442
31 3504
31 3599
31 3717
31 3729
31 3918
31 3950
31 4057
31 4248
31 4260
31 4262
31 4401
31 4519
31 4642
31 4731
31 4791
31 4826
31 4911
31 4965
31 4995
31 5335
31 5463
31 5496
31 5704
31 5721
31 5823
31 5842
31 5961
31 5965
31 6351
31 6439
31 6489
31 6521
31 6653
31 6657
31 6854
31 6896
31 6942
31 7300
31 7441
31 7614
31 7869
31 7896
31 8029
31 8098
31 8519
31 8551
31 8848
31 8956
31 9211
31 9251
31 9304
31 9344
31 9838
31 9945
31 2820
31 9962
31 8805
31 5188
31 4452
32 65
32 110
32 111
32 177
32 607
32 888
32 1294
32 1402
32 1629
32 1665
32 1701
32 1727
32 1834
32 2009
32 2015
32 2101
32 2502
32 2520
32 2694
32 2764
32 3096
32 3227
32 3234
32 3260
32 3399
32 3412
32 3499
32 3603
32 3676
32 3827
32 3893
32 4096
32 4266
32 4367
32 4499
32 4707
32 4877
32 4959
32 5027
32 5139
32 5205
32 5293
32 5307
32 5420
32 5559
32 5745
32 5861
32 5910
32 5984
32 6192
32 6491
32 6500
32 6656
32 6737
32 6819
32 6963
32 7152
32 7226
32 7797
32 8089
32 8194
32 8427
32 8488
32 8908
32 9073
32 9458
32 9557
32 9676
32 9692
32 7441
32 2109
32 2270
32 5469
32 7522
32 4026
33 57
33 134
33 646
33 665
33 682
33 683
33 714
33 832
33 1211
33 1414
33 1679
33 1691
33 1770
33 1982
33 2192
33 2194
33 2345
33 2464
33 2543
33 2649
33 2826
33 3030
33 3115
33 3138
33 3203
33 3243
33 3287
33 3398
33 3654
33 3800
33 3846
33 4011
33 4036
33 4077
33 4120
33 4398
33 4400
33 4482
33 4494
33 4521
33 4591
33 4627
33 4751
33 4821
33 4850
33 4854
33 4898
33 4946
33 5018
33 5086
33 5173
33 5255
33 5478
33 5701
33 5711
33 5742
33 6006
33 6038
33 6058
33 6063
33 6169
33 6201
33 6498
33 6728
33 6888
33 7024
33 7165
33 7166
33 7195
33 7275
33 7502
33 7633
33 7808
33 7811
33 8268
33 8279
33 8376
33 8400
33 8484
33 8667
33 8713
33 8784
33 8871
33 8934
33 9039
33 9055
33 9453
33 9488
33 9607
33 9927
33 9928
33 9930
33 3290
33 3694
33 5965
33 2587
33 6551
33 1823
34 146
34 304
34 440
34 601
34 956
34 1132
34 1620
34 1637
34 1659
34 1741
34 1895
34 1916
34 2196
34 2213
34 2251
34 2349
34 2403
34 2469
34 2561
34 2714
34 2755
34 2984
34 3317
34 3324
34 3688
34 3866
34 3915
34 3947
34 4021
34 4034
34 4134
34 4531
34 4546
34 4847
34 5082
34 5321
34 5629
34 5765
34 6010
34 6069
34 6150
34 6465
34 6479
34 6546
34 6750
34 6939
34 7464
34 7541
34 7664
34 7770
34 7976
34 8151
34 8536
34 8897
34 8949
34 9204
34 9238
34 9342
34 9381
34 9432
34 9445
34 9656
34 229
34 4867
34 1818
34 5561
34 9129
34 6955
35 292
35 443
35 648
35 780
35 862
35 925
35 934
35 1107
35 1328
35 1443
35 1460
35 1483
35 2144
35 2368
35 2405
35 2491
35 2536
35 2586
35 2889
35 3004
35 3449
35 3523
35 3598
35 3681
35 3760
35 3775
35 4279
35 4683
35 4934
35 5191
35 5426
35 5465
35 5662
35 5784
35 5867
35 6109
35 6147
35 6401
35 6427
35 6620
35 6661
35 6713
35 7009
35 7029
35 7118
35 7132
35 7190
35 7293
35 7308
35 7523
35 7600
35 7784
35 7955
35 8418
35 8421
35 8997
35 9011
35 9062
35 9081
35 9173
35 9301
35 9362
35 9526
35 9564
35 9971
35 472
35 90
35 4190
35 7353
35 4410
35 5694
36 213
36 412
36 519
36 526
36 642
36 991
36 1038
36 1092
36 1295
36 1335
36 1516
36 1676
36 1988
36 2285
36 2511
36 2564
36 2589
36 2617
36 2677
36 2700
36 2812
36 2944
36 2987
36 3074
36 3385
36 3391
36 3944
36 4252
36 4269
36 4466
36 4625
36 4772
36 4815
36 5000
36 5049
36 5207
36 5326
36 5422
36 5515
36 5588
36 5811
36 5879
36 5945
36 6198
36 6323
36 6497
36 6541
36 6557
36 6575
36 6927
36 6953
36 6985
36 7070
36 7147
36 7183
36 7237
36 7367
36 7554
36 7604
36 7675
36 7721
36 7734
36 7753
36 7926
36 8019
36 8054
36 8171
36 8354
36 8384
36 8788
36 8896
36 8980
36 9190
36 9230
36 9262
36 9295
36 9315
36 9399
36 9506
36 9509
36 9550
36 31
36 5505
36 1416
36 5782
36 1635
36 558
37 119
37 229
37 382
37 464
37 675
37 761
37 845
37 897
37 960
37 1163
37 1234
37 1366
37 1479
37 1739
37 1769
37 2014
37 2244
37 2572
37 2864
37 3191
37 3314
37 3329
37 3529
37 3742
37 3752
37 3799
37 3999
37 4017
37 4213
37 4619
37 4880
37 5057
37 5060
37 5074
37 5338
37 5365
37 5423
37 5425
37 5640
37 5734
37 5790
37 6026
37 6137
37 6268
37 6798
37 6917
37 7004
37 7032
37 7238
37 7246
37 7251
37 7299
37 7350
37 7454
37 7752
37 7830
37 8487
37 8514
37 9216
37 9740
37 9888
37 9994
37 8265
37 3606
37 3089
37 3278
37 8135
37 6472
38 79
38 117
38 413
38 566
38 660
38 730
38 781
38 848
38 975
38 1054
38 1058
38 1063
38 1153
38 1162
38 1538
38 1930
38 1981
38 2038
38 2070
38 2113
38 2132
38 2181
38 2299
38 2985
38 3084
38 3245
38 3309
38 3423
38 3489
38 3526
38 3571
38 3821
38 3822
38 3830
38 3903
38 3968
38 4251
38 4303
38 4316
38 4582
38 4646
38 4828
38 5265
38 5375
38 5639
38 5691
38 5710
38 5846
38 5876
38 5946
38 6141
38 6277
38 6460
38 6561
38 6714
38 6754
38 7263
38 7432
38 7436
38 7536
38 7905
38 8115
38 8133
38 8365
38 8499
38 8511
38 8554
38 8578
38 8591
38 8676
38 9096
38 9122
38 9145
38 9202
38 9520
38 9652
38 9765
38 9833
38 9905
38 9908
38 4946
38 1338
38 9509
38 7252
38 4208
38 7449
39 82
39 173
39 249
39 327
39 521
39 706
39 1002
39 1007
39 1078
39 1119
39 1267
39 1284
39 1309
39 1438
39 1541
39 1562
39 1648
39 1680
39 1722
39 1751
39 2240
39 2612
39 2784
39 2947
39 3073
39 3144
39 3184
39 3200
39 3360
39 3478
39 3548
39 3782
39 4443
39 5035
39 5042
39 5348
39 5451
39 5712
39 5771
39 5943
39 5966
39 5979
39 6852
39 7014
39 7232
39 7423
39 7429
39 7487
39 7495
39 7504
39 7806
39 7874
39 7971
39 8496
39 8595
39 8845
39 8919
39 9025
39 9201
39 9284
39 9375
39 9427
39 9537
39 9668
39 9761
39 9773
39 9843
39 9877
39 9879
39 9881
39 9985
39 9640
39 1425
39 3782
39 8560
39 2736
39 758
40 41
40 210
40 423
40 599
40 661
40 674
40 676
40 1202
40 1327
40 1390
40 1695
40 1939
40 1986
40 2092
40 2143
40 2206
40 2291
40 2445
40 2503
40 2524
40 2611
40 2761
40 3026
40 3160
40 3196
40 3435
40 3524
40 3532
40 3563
40 3587
40 3607
40 3823
40 3983
40 4090
40 4392
40 4472
40 4559
40 4844
40 4858
40 5337
40 5397
40 5488
40 5504
40 5584
40 5730
40 6142
40 6776
40 6781
40 6878
40 6905
40 6938
40 6969
40 6986
40 6998
40 7349
40 7355
40 7532
40 7698
40 7819
40 7985
40 8262
40 8347
40 8462
40 8571
40 8804
40 8833
40 8865
40 9067
40 9340
40 9374
40 9683
40 9707
40 9785
40 9788
40 9804
40 9910
40 9858
40 2782
40 5024
40 1370
40 2844
40 44
41 114
41 344
41 423
41 494
41 661
41 674
41 676
41 1075
41 1209
41 1390
41 1446
41 1695
41 1876
41 1986
41 2143
41 2466
41 2503
41 2524
41 2611
41 2761
41 2869
41 2905
41 2958
41 3026
41 3160
41 3271
41 3435
41 3532
41 3607
41 3887
41 4065
41 4325
41 4358
41 4418
41 4844
41 4953
41 5397
41 5488
41 5584
41 6142
41 6695
41 6776
41 6905
41 6969
41 6986
41 6998
41 7628
41 7736
41 7819
41 7985
41 8101
41 8262
41 8347
41 8571
41 8833
41 8865
41 9067
41 9336
41 9340
41 9788
41 9824
41 9910
41 9961
41 8376
41 8427
41 2619
41 1648
41 6174
41 1022
42 109
42 458
42 622
42 854
42 1231
42 1242
42 1412
42 1497
42 1595
42 1631
42 1736
42 1958
42 2106
42 2245
42 2301
42 2444
42 2545
42 2555
42 2584
42 2753
42 2770
42 2773
42 2788
42 2792
42 2950
42 2964
42 3072
42 3157
42 3180
42 3214
42 3447
42 3565
42 3691
42 3932
42 4335
42 4341
42 4776
42 4827
42 4838
42 4975
42 5055
42 5070
42 5170
42 5305
42 5318
42 5630
42 5944
42 6050
42 6104
42 6112
42 6202
42 6290
42 6368
42 6429
42 6662
42 6666
42 6683
42 6933
42 6994
42 7173
42 7222
42 7310
42 7379
42 7550
42 7551
42 7553
42 7710
42 7723
42 7915
42 8086
42 8103
42 8302
42 8516
42 8611
42 8711
42 8830
42 9194
42 9563
42 9614
42 9653
42 3551
42 7158
42 7887
42 9817
42 2747
42 3655
43 245
43 277
43 343
43 380
43 446
43 843
43 980
43 1024
43 1076
43 1286
43 1422
43 1856
43 1925
43 1980
43 2087
43 2494
43 2498
43 2579
43 2583
43 3485
43 3561
43 3604
43 3713
43 3719
43 3820
43 3871
43 3916
43 4185
43 4195
43 4309
43 4417
43 4450
43 4792
43 4910
43 4982
43 5028
43 5147
43 5158
43 5484
43 5521
43 5618
43 5687
43 5948
43 6160
43 6180
43 6193
43 6343
43 6344
43 6525
43 6870
43 7113
43 7168
43 7197
43 7266
43 7278
43 7467
43 7547
43 7687
43 7688
43 7722
43 7766
43 8345
43 8355
43 8370
43 8371
43 8374
43 8424
43 8547
43 8699
43 9116
43 9127
43 9179
43 9404
43 9407
43 9503
43 9536
43 9541
43 9734
43 9982
43 9380
43 7535
43 2054
43 2997
43 5660
43 8113
44 192
44 352
44 466
44 592
44 708
44 870
44 926
44 963
44 1212
44 1498
44 1509
44 1515
44 1614
44 1753
44 1854
44 1940
44 2110
44 2205
44 2438
44 2715
44 2777
44 2830
44 3105
44 3149
44 3159
44 3225
44 3265
44 3409
44 3589
44 3669
44 3766
44 3880
44 3928
44 4030
44 4101
44 4154
44 4391
44 4408
44 4514
44 4651
44 5005
44 5300
44 5566
44 5659
44 5695
44 6183
44 6205
44 6272
44 6705
44 6799
44 6839
44 6844
44 6907
44 7012
44 7041
44 7127
44 7281
44 7325
44 7337
44 7369
44 7672
44 7712
44 7879
44 8192
44 8210
44 8570
44 8660
44 8959
44 9030
44 9235
44 9345
44 9511
44 9712
44 9829
44 1508
44 4129
44 3576
44 1404
44 7712
44 7076
45 135
45 390
45 468
45 569
45 621
45 713
45 736
45 1356
45 1392
45 1489
45 1536
45 1656
45 1857
45 1915
45 2321
45 2679
45 2709
45 2847
45 2859
45 2938
45 2991
45 3134
45 3393
45 3437
45 3686
45 4018
45 4210
45 4277
45 4327
45 4427
45 4430
45 4492
45 4774
45 4864
45 4986
45 5061
45 5077
45 5344
45 5491
45 5531
45 5923
45 6223
45 6280
45 6307
45 6324
45 6325
45 6367
45 6423
45 6451
45 6540
45 6688
45 6850
45 6861
45 7123
45 7146
45 7316
45 7525
45 7741
45 7909
45 8352
45 8392
45 8579
45 8686
45 8703
45 8858
45 8973
45 9365
45 9394
45 9460
45 9632
45 9698
45 990
45 3564
45 4733
45 8530
45 6868
45 8963
46 201
46 223
46 248
46 373
46 375
46 446
46 503
46 815
46 1091
46 1256
46 1370
46 1752
46 1817
46 1925
46 2065
46 2129
46 2188
46 2266
46 2437
46 2448
46 2493
46 2609
46 2716
46 2783
46 2834
46 3376
46 3604
46 3865
46 3916
46 3954
46 3965
46 4095
46 4203
46 4224
46 4385
46 4451
46 4539
46 4710
46 5443
46 5521
46 5578
46 5594
46 5677
46 5752
46 5786
46 5906
46 5941
46 6126
46 6228
46 6285
46 6426
46 6457
46 6525
46 6634
46 6859
46 6988
46 7113
46 7201
46 7381
46 7382
46 7472
46 7691
46 7848
46 7942
46 7968
46 8132
46 8161
46 8356
46 8524
46 8628
46 8952
46 9380
46 9487
46 9498
46 9512
46 9514
46 9541
46 9635
46 9923
46 9968
46 9285
46 2502
46 7569
46 6487
46 3244
46 3839
47 75
47 271
47 453
47 531
47 553
47 653
47 659
47 787
47 962
47 1027
47 1047
47 1225
47 1560
47 1715
47 1865
47 1993
47 2000
47 2047
47 2329
47 2668
47 2846
47 3345
47 3427
47 3483
47 3501
47 3522
47 3585
47 3817
47 4122
47 4140
47 4173
47 4435
47 4439
47 4598
47 4645
47 4685
47 5019
47 5184
47 5766
47 5802
47 5873
47 6197
47 6230
47 6264
47 6298
47 6402
47 6469
47 6565
47 6618
47 6811
47 6951
47 6984
47 7052
47 7106
47 7227
47 7477
47 7689
47 8052
47 8068
47 8081
47 8328
47 8393
47 8625
47 8777
47 8998
47 9135
47 9278
47 9400
47 9482
47 9517
47 9560
47 9993
47 1985
47 4629
47 7798
47 5066
47 5699
47 5316
48 225
48 404
48 629
48 717
48 950
48 1279
48 1399
48 1477
48 1540
48 1747
48 1758
48 1820
48 1899
48 1961
48 2040
48 2098
48 2162
48 2252
48 2350
48 2644
48 2707
48 3401
48 3445
48 3568
48 3656
48 3701
48 3913
48 4072
48 4183
48 4491
48 4626
48 4801
48 4948
48 5146
48 5183
48 5213
48 5260
48 5402
48 5678
48 5767
48 5955
48 5995
48 6085
48 6099
48 6206
48 6247
48 6286
48 6294
48 6303
48 6316
48 6383
48 6602
48 6810
48 6957
48 7174
48 7191
48 7199
48 7262
48 7446
48 7761
48 7787
48 7791
48 7793
48 7938
48 8117
48 8242
48 8790
48 9282
48 9439
48 9625
48 9679
48 9917
48 9953
48 9963
48 5386
48 7303
48 6589
48 435
48 8209
48 6265
49 167
49 174
49 408
49 435
49 559
49 610
49 754
49 842
49 890
49 1120
49 1167
49 1293
49 1362
49 1488
49 1506
49 1544
49 1641
49 1837
49 1852
49 1979
49 2034
49 2176
49 2262
49 2354
49 2454
49 2837
49 2908
49 3133
49 3737
49 3812
49 3828
49 4069
49 4298
49 4362
49 4363
49 4403
49 4586
49 4595
49 4617
49 4674
49 4919
49 5221
49 5225
49 5264
49 5444
49 5472
49 5560
49 5791
49 5900
49 6531
49 6604
49 6665
49 6673
49 6804
49 7086
49 7218
49 7315
49 7509
49 7705
49 7866
49 7897
49 7940
49 7953
49 8106
49 8230
49 8274
49 8281
49 8377
49 8386
49 8518
49 8523
49 8712
49 8861
49 8887
49 9036
49 9207
49 9426
49 9605
49 9677
49 9828
49 9846
49 9865
49 9960
49 9311
49 1367
49 9239
49 6752
49 831
49 8162
50 108
50 250
50 289
50 319
50 409
50 543
50 611
50 618
50 892
50 935
50 1016
50 1215
50 1515
50 1854
50 2141
50 2168
50 2205
50 2311
50 2376
50 2571
50 2822
50 2874
50 3045
50 3100
50 3355
50 3421
50 3669
50 3757
50 4030
50 4133
50 4179
50 4285
50 4391
50 4486
50 4542
50 4676
50 4825
50 5005
50 5100
50 5304
50 5544
50 5659
50 6205
50 6301
50 6326
50 6352
50 6488
50 6592
50 6839
50 6899
50 6952
50 7041
50 7125
50 7325
50 7380
50 7389
50 7489
50 7672
50 7996
50 8231
50 8532
50 8636
50 8722
50 9076
50 9120
50 9223
50 9378
50 9735
50 9749
50 9784
50 9934
50 5556
50 5817
50 3224
50 4984
50 8649
50 7343
51 575
51 876
51 919
51 996
51 1425
51 1430
51 1556
51 1756
51 1950
51 1991
51 2184
51 2255
51 2272
51 2300
51 2390
51 2577
51 2732
51 2931
51 3323
51 3379
51 3930
51 4181
51 4230
51 4739
51 4742
51 4768
51 4832
51 5223
51 5481
51 5673
51 6161
51 6207
51 6254
51 6265
51 6297
51 6408
51 6461
51 6520
51 6654
51 7322
51 7418
51 7658
51 7786
51 8015
51 8102
51 8125
51 8178
51 8195
51 8265
51 8366
51 8425
51 8670
51 8730
51 8756
51 8975
51 9325
51 9485
51 9530
51 9772
51 9853
51 3057
51 4678
51 3197
51 6090
51 5962
51 9783
52 265
52 384
52 463
52 529
52 667
52 697
52 747
52 874
52 887
52 1108
52 1133
52 1400
52 1726
52 1728
52 1730
52 1882
52 1892
52 2021
52 2121
52 2232
52 2241
52 2303
52 2647
52 2709
52 2767
52 2795
52 2872
52 2995
52 3091
52 3114
52 3242
52 3259
52 3365
52 3662
52 4075
52 4089
52 4137
52 4333
52 4356
52 4505
52 4515
52 4518
52 4734
52 5283
52 5405
52 5844
52 5878
52 5895
52 6053
52 6151
52 6321
52 6337
52 6748
52 6792
52 6821
52 7036
52 7144
52 7407
52 7420
52 7725
52 7936
52 8257
52 8477
52 8562
52 8729
52 8740
52 8794
52 8876
52 8935
52 8973
52 9014
52 9255
52 9792
52 1516
52 4513
52 8323
52 1594
52 5244
52 8653
53 243
53 499
53 563
53 632
53 703
53 1112
53 1214
53 1219
53 1625
53 1724
53 1891
53 2067
53 2161
53 2207
53 2209
53 2223
53 2229
53 2306
53 2401
53 2423
53 2492
53 2623
53 2633
53 2852
53 2882
53 3153
53 3539
53 3577
53 3591
53 3746
53 3886
53 3890
53 3905
53 4082
53 4275
53 4344
53 4359
53 4372
53 4540
53 4889
53 4927
53 5017
53 5204
53 5314
53 5417
53 5429
53 5601
53 5644
53 5724
53 6194
53 6211
53 6454
53 6599
53 6775
53 6785
53 6824
53 6847
53 6864
53 6882
53 7011
53 7066
53 7153
53 7702
53 7726
53 7844
53 7908
53 7952
53 8273
53 8442
53 8483
53 8495
53 8510
53 8555
53 8603
53 8692
53 8842
53 8849
53 9013
53 9217
53 9289
53 9307
53 9328
53 9379
53 9542
53 9581
53 9600
53 7940
53 8491
53 3940
53 4181
53 7771
53 4808
54 55
54 66
54 126
54 189
54 315
54 532
54 953
54 1524
54 1619
54 1708
54 1873
54 2003
54 2107
54 2119
54 2449
54 2490
54 2507
54 2820
54 2829
54 2862
54 2883
54 2911
54 2952
54 3124
54 3446
54 3450
54 3606
54 3693
54 3694
54 3720
54 3901
54 3909
54 3948
54 3949
54 3991
54 4423
54 4485
54 4924
54 5248
54 5366
54 5386
54 5470
54 5621
54 5789
54 5929
54 5936
54 6003
54 6090
54 6291
54 6314
54 6495
54 6593
54 6664
54 6716
54 6856
54 6946
54 7040
54 7088
54 7209
54 7210
54 7274
54 7317
54 7348
54 7669
54 7728
54 7750
54 7913
54 7973
54 7989
54 8021
54 8090
54 8130
54 8256
54 8390
54 9040
54 9052
54 9199
54 9350
54 9598
54 9655
54 9714
54 9721
54 9849
54 6477
54 2980
54 1929
54 5505
54 934
54 291
55 126
55 189
55 365
55 396
55 457
55 727
55 847
55 849
55 953
55 961
55 1524
55 1619
55 1689
55 1836
55 1873
55 1976
55 2432
55 2489
55 2741
55 2862
55 2883
55 2893
55 2911
55 3121
55 3450
55 3469
55 3606
55 3624
55 3693
55 3720
55 3870
55 3901
55 3948
55 3949
55 4202
55 4565
55 4581
55 4726
55 5379
55 5407
55 5621
55 5723
55 5789
55 5936
55 6216
55 6314
55 6651
55 6712
55 6747
55 6856
55 6876
55 7040
55 7274
55 7317
55 7720
55 7913
55 8021
55 8256
55 8390
55 8662
55 8891
55 9080
55 9222
55 9247
55 9350
55 9513
55 9598
55 9655
55 9714
55 9849
55 9986
55 8211
55 1869
55 9538
55 463
55 3224
55 8364
56 158
56 211
56 274
56 955
56 984
56 1406
56 1430
56 1529
56 1556
56 1759
56 1819
56 1896
56 1994
56 2084
56 2170
56 2280
56 2390
56 2677
56 2692
56 2721
56 2924
56 3016
56 3176
56 3335
56 3346
56 3379
56 3391
56 3428
56 3466
56 3474
56 3727
56 4114
56 4125
56 4290
56 4466
56 4583
56 4752
56 4772
56 4787
56 4796
56 4832
56 5049
56 5050
56 5069
56 5207
56 5481
56 5522
56 5751
56 5824
56 5857
56 6030
56 6198
56 6207
56 6265
56 6323
56 6361
56 6552
56 7010
56 7172
56 7206
56 7335
56 7367
56 7419
56 7656
56 7802
56 7918
56 8040
56 8077
56 8095
56 8195
56 8216
56 8240
56 8354
56 8652
56 8924
56 8980
56 9277
56 9325
56 9509
56 9530
56 9682
56 9730
56 6981
56 3358
56 851
56 2030
56 9157
56 2878
57 104
57 308
57 435
57 682
57 714
57 902
57 987
57 1104
57 1116
57 1123
57 1224
57 1414
57 1511
57 1668
57 1990
57 2034
57 2192
57 2227
57 2345
57 2543
57 2681
57 2826
57 2928
57 3007
57 3138
57 3203
57 3243
57 3287
57 3425
57 3716
57 3800
57 3846
57 4059
57 4061
57 4120
57 4482
57 4494
57 4627
57 4637
57 4821
57 4854
57 4974
57 4989
57 5018
57 5086
57 5173
57 5438
57 5478
57 5600
57 5686
57 5742
57 5782
57 5921
57 5987
57 6038
57 6189
57 6419
57 6498
57 6638
57 6728
57 6795
57 7024
57 7165
57 7166
57 7195
57 7303
57 7479
57 7502
57 7633
57 7927
57 8268
57 8376
57 8400
57 8667
57 8713
57 8871
57 9039
57 9078
57 9092
57 9102
57 9182
57 9453
57 9488
57 9607
57 9651
57 9902
57 9928
57 9930
57 9949
57 2820
57 2979
57 7229
57 7177
57 3766
57 6189
58 218
58 370
58 401
58 450
58 452
58 538
58 564
58 597
58 604
58 623
58 641
58 899
58 1405
58 1450
58 1466
58 1495
58 1510
58 2013
58 2030
58 2074
58 2105
58 2136
58 2158
58 2199
58 2230
58 2234
58 2377
58 2604
58 2898
58 2993
58 3171
58 3269
58 3496
58 3697
58 3722
58 4265
58 4317
58 4339
58 4405
58 4568
58 4677
58 4699
58 4802
58 4871
58 4942
58 5045
58 5089
58 5141
58 5164
58 5197
58 5280
58 5281
58 5312
58 5464
58 5574
58 5827
58 6039
58 6094
58 6101
58 6233
58 6443
58 6509
58 6772
58 6863
58 6919
58 7063
58 7202
58 7207
58 7294
58 7388
58 7490
58 7539
58 7610
58 7613
58 7654
58 7709
58 7907
58 8122
58 8251
58 8271
58 8403
58 8415
58 8573
58 8606
58 8656
58 8752
58 8799
58 8955
58 9862
58 9939
58 3596
58 9379
58 7428
58 4937
58 3763
58 2912
59 162
59 179
59 331
59 394
59 545
59 582
59 1090
59 1168
59 1352
59 1353
59 1382
59 1442
59 1721
59 1780
59 2049
59 2078
59 2270
59 2337
59 2343
59 2399
59 2531
59 2712
59 2728
59 2766
59 2916
59 3204
59 3381
59 3415
59 3535
59 4007
59 4177
59 4396
59 4464
59 4537
59 4549
59 4636
59 4675
59 4814
59 4885
59 4956
59 4977
59 4997
59 5120
59 5122
59 5125
59 5295
59 5297
59 5467
59 5674
59 5813
59 6210
59 6527
59 6586
59 6611
59 6660
59 6663
59 6701
59 6706
59 6879
59 6970
59 6982
59 7217
59 7598
59 7801
59 7813
59 7829
59 7861
59 7958
59 8083
59 8184
59 8284
59 8380
59 8444
59 8530
59 8538
59 8568
59 8617
59 8631
59 9285
59 9313
59 9357
59 9385
59 9440
59 9479
59 9521
59 9674
59 9684
59 9937
59 9675
59 1704
59 3887
59 5207
59 624
59 8744
60 120
60 168
60 219
60 696
60 755
60 1037
60 1136
60 1253
60 1385
60 1517
60 1518
60 1776
60 1880
60 2002
60 2131
60 2310
60 2382
60 2414
60 2415
60 2496
60 2535
60 2568
60 2607
60 2689
60 2757
60 2926
60 3075
60 3145
60 3310
60 3333
60 3635
60 3771
60 4051
60 4063
60 4355
60 4735
60 4941
60 5263
60 5473
60 5547
60 5567
60 5762
60 6057
60 6222
60 6339
60 6437
60 6574
60 6696
60 6766
60 6956
60 7059
60 7440
60 7468
60 7930
60 8079
60 8191
60 8236
60 8388
60 8540
60 8566
60 8812
60 9249
60 9337
60 9383
60 9507
60 9532
60 9540
60 9644
60 9789
60 9965
60 9989
60 9998
60 5865
60 2409
60 7469
60 1091
60 1255
60 1227
61 454
61 726
61 824
61 873
61 1014
61 1227
61 1238
61 1340
61 1363
61 1453
61 1514
61 1984
61 2069
61 2146
61 2189
61 2256
61 2549
61 2654
61 2751
61 3086
61 3101
61 3102
61 3106
61 3340
61 3765
61 3925
61 3966
61 4005
61 4193
61 4370
61 4442
61 4571
61 4689
61 5142
61 5144
61 5398
61 5477
61 5982
61 6049
61 6060
61 6179
61 6436
61 6779
61 6783
61 6853
61 6872
61 6989
61 7141
61 7402
61 7430
61 7921
61 8001
61 8004
61 8025
61 8452
61 8911
61 8916
61 9057
61 9086
61 9711
61 9929
61 9983
61 9788
61 4972
61 1529
61 2722
61 8330
61 8369
62 93
62 208
62 364
62 534
62 666
62 726
62 853
62 873
62 928
62 1238
62 1363
62 1453
62 1490
62 1514
62 1786
62 1984
62 2062
62 2069
62 2118
62 2146
62 2189
62 2190
62 2421
62 2549
62 2574
62 2650
62 2751
62 2897
62 2945
62 3101
62 3340
62 3484
62 3619
62 3678
62 3721
62 4064
62 4380
62 4394
62 4431
62 4571
62 4689
62 5142
62 5243
62 5398
62 5564
62 5622
62 5953
62 5982
62 6235
62 6345
62 6349
62 6436
62 6579
62 6613
62 6674
62 6755
62 6853
62 6872
62 6989
62 7137
62 7326
62 7401
62 7402
62 7921
62 8001
62 8035
62 8327
62 8534
62 8616
62 8725
62 8734
62 8914
62 8950
62 9023
62 9054
62 9086
62 9392
62 9608
62 9729
62 9929
62 9972
62 9983
62 2614
62 4355
62 3104
62 850
62 3649
62 215
63 99
63 512
63 547
63 692
63 702
63 978
63 1261
63 1379
63 1403
63 1603
63 1746
63 1769
63 2094
63 2290
63 2572
63 2887
63 2955
63 3049
63 3154
63 3353
63 3468
63 3630
63 3805
63 3894
63 4012
63 4044
63 4106
63 4153
63 4308
63 4587
63 4635
63 5542
63 5981
63 5983
63 6067
63 6341
63 6519
63 6630
63 6670
63 6798
63 7032
63 7042
63 7238
63 7246
63 7252
63 7296
63 7343
63 7391
63 7507
63 7512
63 7795
63 7894
63 8026
63 8190
63 8584
63 8717
63 8873
63 8893
63 9003
63 9045
63 9593
63 9660
63 9673
63 9776
63 9914
63 9974
63 2158
63 3531
63 8484
63 5297
63 362
63 7642
64 187
64 358
64 426
64 511
64 534
64 613
64 658
64 741
64 931
64 981
64 1060
64 1156
64 1181
64 1223
64 1307
64 1462
64 1496
64 1937
64 1953
64 2005
64 2147
64 2346
64 2451
64 2643
64 2744
64 2772
64 2801
64 2856
64 2903
64 2945
64 3000
64 3172
64 3249
64 3397
64 3431
64 3619
64 3927
64 4102
64 4331
64 4394
64 4533
64 4547
64 4663
64 4671
64 4753
64 4851
64 4958
64 4981
64 5056
64 5094
64 5134
64 5232
64 5243
64 5748
64 5816
64 5840
64 5883
64 6356
64 6369
64 6371
64 6433
64 6536
64 6629
64 6669
64 6918
64 6926
64 6980
64 7001
64 7104
64 7346
64 7400
64 7452
64 7643
64 7724
64 7883
64 7977
64 8053
64 8073
64 8200
64 8254
64 8307
64 8434
64 8485
64 8507
64 8734
64 8855
64 8880
64 9015
64 9114
64 9316
64 9402
64 9424
64 9500
64 9640
64 9920
64 9933
64 9951
64 3043
64 5217
64 9954
64 3525
64 534
64 6170
65 110
65 111
65 579
65 776
65 886
65 1086
65 1266
65 1665
65 1727
65 1788
65 1834
65 2026
65 2076
65 2101
65 2286
65 2335
65 2362
65 2373
65 2481
65 2694
65 3096
65 3234
65 3260
65 3399
65 3640
65 3809
65 3893
65 4073
65 4096
65 4253
65 4499
65 4877
65 5027
65 5174
65 5205
65 5293
65 5301
65 5657
65 5745
65 5885
65 5910
65 6354
65 6491
65 6737
65 6819
65 6963
65 7226
65 7549
65 7771
65 8024
65 8155
65 8194
65 8290
65 8504
65 8844
65 8908
65 9069
65 9073
65 9314
65 9458
65 9557
65 9676
65 9728
65 9851
65 9405
65 1193
65 1415
65 3152
65 2712
65 411
66 532
66 953
66 1524
66 1619
66 1708
66 1873
66 2003
66 2107
66 2119
66 2449
66 2490
66 2507
66 2629
66 2820
66 2829
66 2860
66 2881
66 2952
66 3124
66 3450
66 3606
66 3693
66 3694
66 3720
66 3909
66 3948
66 3949
66 3988
66 4423
66 4485
66 4924
66 5140
66 5171
66 5226
66 5248
66 5366
66 5386
66 5410
66 5470
66 5789
66 5929
66 6003
66 6090
66 6291
66 6314
66 6495
66 6664
66 6716
66 6946
66 7088
66 7209
66 7210
66 7214
66 7274
66 7317
66 7348
66 7669
66 7728
66 7750
66 7973
66 7989
66 8021
66 8055
66 8130
66 8256
66 8390
66 8572
66 8639
66 9040
66 9052
66 9199
66 9462
66 9655
66 9714
66 9721
66 9849
66 9956
66 8500
66 58
66 1093
66 6857
66 2137
67 124
67 310
67 314
67 410
67 504
67 583
67 772
67 800
67 839
67 891
67 1207
67 1230
67 1577
67 2045
67 2228
67 2369
67 2542
67 2556
67 2582
67 2718
67 2780
67 2949
67 3051
67 3670
67 3813
67 4576
67 4599
67 5267
67 5615
67 5740
67 5897
67 6008
67 6055
67 6162
67 6480
67 6808
67 6841
67 6862
67 7352
67 7660
67 7825
67 7923
67 8142
67 8144
67 8710
67 8742
67 8767
67 8769
67 8803
67 8901
67 9132
67 9144
67 9686
67 9723
67 9752
67 9901
67 9913
67 6413
67 969
67 4791
67 1122
67 9677
67 5158
68 80
68 320
68 586
68 602
68 752
68 795
68 843
68 1024
68 1048
68 1218
68 1239
68 1275
68 1337
68 1559
68 1946
68 2151
68 2452
68 2597
68 2840
68 2879
68 2927
68 2967
68 3022
68 3960
68 4067
68 4141
68 4221
68 4421
68 4550
68 4684
68 4886
68 4969
68 5022
68 5028
68 5292
68 5580
68 5729
68 5759
68 5836
68 5925
68 6012
68 6079
68 6226
68 6313
68 6343
68 6416
68 6485
68 6543
68 6594
68 6809
68 6870
68 7089
68 7120
68 7585
68 7667
68 7688
68 7748
68 7964
68 8182
68 8333
68 8338
68 8385
68 8478
68 8575
68 8783
68 8859
68 9026
68 9035
68 9553
68 9649
68 9734
68 9836
68 5129
68 5996
68 3979
68 4385
68 7804
68 2257
69 83
69 88
69 180
69 195
69 225
69 300
69 305
69 326
69 629
69 717
69 768
69 833
69 921
69 951
69 1170
69 1198
69 1199
69 1398
69 1527
69 1645
69 1899
69 2133
69 2175
69 2483
69 2585
69 2865
69 2934
69 3033
69 3268
69 3457
69 3459
69 3568
69 3573
69 3701
69 3756
69 3995
69 4083
69 4130
69 4283
69 4406
69 4607
69 4882
69 5152
69 5155
69 5468
69 5507
69 5699
69 5706
69 5753
69 5955
69 6099
69 6336
69 6342
69 6417
69 6432
69 6492
69 6595
69 6704
69 6904
69 6941
69 7000
69 7019
69 7191
69 7199
69 7270
69 7292
69 7503
69 7508
69 7521
69 7717
69 7809
69 7820
69 7864
69 7884
69 7999
69 8023
69 8117
69 8170
69 8220
69 8401
69 8475
69 8526
69 8556
69 8673
69 8751
69 8922
69 9457
69 9595
69 9953
69 5810
69 1385
69 5622
69 1318
69 6209
69 9669
70 123
70 206
70 335
70 506
70 679
70 764
70 771
70 1015
70 1026
70 1067
70 1127
70 1241
70 1315
70 1365
70 1718
70 1874
70 2124
70 2130
70 2148
70 2172
70 2217
70 2247
70 2367
70 2506
70 2514
70 2523
70 2534
70 2717
70 2733
70 2907
70 3068
70 3107
70 3140
70 3205
70 3342
70 3430
70 3537
70 3554
70 3631
70 3762
70 3897
70 4152
70 4371
70 4410
70 4616
70 4840
70 4987
70 5033
70 5107
70 5132
70 5256
70 5258
70 5415
70 5440
70 5513
70 5605
70 5663
70 5747
70 5835
70 5892
70 5938
70 6398
70 6476
70 6534
70 6616
70 6719
70 6960
70 6968
70 6979
70 7312
70 7321
70 7706
70 8060
70 8234
70 8253
70 8285
70 8326
70 8588
70 8889
70 9000
70 9019
70 9183
70 9330
70 9448
70 9466
70 9634
70 9636
70 3144
70 1485
70 6320
70 2979
70 1274
70 3684
71 323
71 349
71 350
71 455
71 617
71 619
71 895
71 932
71 1176
71 1200
71 1308
71 1357
71 1469
71 1607
71 1667
71 2154
71 2214
71 2284
71 2410
71 2508
71 2599
71 2726
71 3120
71 3224
71 3296
71 3308
71 3456
71 3546
71 3655
71 3703
71 3731
71 3877
71 4027
71 4268
71 4314
71 4453
71 4694
71 4695
71 4708
71 4804
71 4839
71 4883
71 4903
71 5020
71 5190
71 5203
71 5218
71 5497
71 5616
71 5952
71 6025
71 6035
71 6062
71 6095
71 6335
71 6644
71 7094
71 7098
71 7223
71 7471
71 7533
71 8131
71 8342
71 8414
71 8988
71 8992
71 9180
71 9224
71 9574
71 9704
71 9822
71 1904
71 9703
71 3319
71 4344
71 9284
71 788
72 125
72 146
72 175
72 202
72 411
72 528
72 601
72 841
72 1132
72 1139
72 1427
72 1448
72 1634
72 1637
72 1659
72 1859
72 1916
72 1997
72 2115
72 2213
72 2251
72 2283
72 2302
72 2349
72 2499
72 2759
72 2805
72 2815
72 3297
72 3324
72 3567
72 4055
72 4058
72 4346
72 4449
72 4538
72 4584
72 4830
72 5179
72 5317
72 5506
72 5540
72 5629
72 5765
72 5853
72 5940
72 6069
72 6306
72 6386
72 6563
72 6573
72 6910
72 6939
72 7037
72 7099
72 7116
72 7122
72 7148
72 7267
72 7543
72 7868
72 7972
72 7976
72 8087
72 8404
72 8684
72 8957
72 9063
72 9243
72 9342
72 9359
72 9381
72 9432
72 9497
72 9538
72 9643
72 9650
72 9656
72 9842
72 5165
72 3764
72 3741
72 6706
72 1525
72 9535
73 240
73 505
73 762
73 788
73 1094
73 1245
73 1350
73 1362
73 1601
73 1604
73 1735
73 1833
73 1962
73 2023
73 2053
73 2066
73 2073
73 2135
73 2396
73 2454
73 2548
73 2822
73 3095
73 3162
73 3492
73 3543
73 3566
73 3599
73 3758
73 3873
73 4092
73 4126
73 4218
73 4298
73 4436
73 4467
73 4666
73 4761
73 4783
73 5189
73 5221
73 5264
73 5331
73 5450
73 5479
73 5541
73 5598
73 5669
73 5791
73 5838
73 5901
73 5917
73 6123
73 6200
73 6526
73 6558
73 6657
73 7020
73 7189
73 7280
73 7415
73 7705
73 7739
73 7940
73 8116
73 8124
73 8177
73 8239
73 8247
73 8274
73 8377
73 8519
73 8755
73 8820
73 8885
73 8887
73 8953
73 8979
73 9036
73 9192
73 9363
73 9435
73 9481
73 9551
73 9603
73 9615
73 9642
73 9708
73 9718
73 9925
73 9960
73 9904
73 4863
73 3430
73 1386
73 1939
73 5753
74 272
74 299
74 427
74 654
74 656
74 709
74 985
74 1183
74 1272
74 1301
74 1411
74 1705
74 1822
74 1922
74 2218
74 2312
74 2381
74 2407
74 2427
74 2473
74 2541
74 2615
74 2653
74 2785
74 2800
74 2932
74 2976
74 3028
74 3165
74 3192
74 3250
74 3534
74 3560
74 3588
74 3625
74 3708
74 3906
74 3981
74 3996
74 4163
74 4468
74 4469
74 4596
74 4944
74 4988
74 5259
74 5308
74 5819
74 6083
74 6550
74 6617
74 6796
74 6855
74 6924
74 6948
74 7047
74 7102
74 7245
74 7358
74 7392
74 7518
74 7568
74 7573
74 7769
74 7780
74 7840
74 7924
74 8760
74 9945
74 2701
74 8718
74 2794
74 7318
74 1493
74 4687
75 283
75 531
75 535
75 553
75 606
75 653
75 659
75 787
75 1013
75 1047
75 1084
75 1225
75 1554
75 1687
75 1865
75 1993
75 2000
75 2047
75 2090
75 2117
75 2165
75 2329
75 2648
75 2668
75 2963
75 3328
75 3419
75 3420
75 3427
75 3444
75 3501
75 3522
75 3551
75 3637
75 3817
75 3869
75 4167
75 4173
75 4214
75 4381
75 4435
75 4461
75 4569
75 4594
75 4598
75 4665
75 5051
75 5519
75 5683
75 5766
75 5802
75 5873
75 6078
75 6230
75 6565
75 6794
75 6984
75 7052
75 7081
75 7255
75 7261
75 7477
75 7689
75 7760
75 8081
75 8310
75 8328
75 8432
75 8737
75 8932
75 8942
75 9047
75 9135
75 9156
75 9278
75 9478
75 9482
75 9884
75 281
75 2080
75 7252
75 8712
75 8364
75 7950
76 112
76 128
76 140
76 144
76 145
76 150
76 153
76 434
76 502
76 590
76 738
76 746
76 751
76 863
76 864
76 958
76 1017
76 1085
76 1372
76 1375
76 1381
76 1417
76 1513
76 1624
76 1774
76 2120
76 2366
76 2477
76 2562
76 2563
76 2740
76 2745
76 2835
76 2868
76 2885
76 2917
76 2937
76 2943
76 3556
76 3882
76 3989
76 4009
76 4289
76 4294
76 4351
76 4415
76 4782
76 4817
76 4947
76 5246
76 5342
76 5418
76 5458
76 5532
76 5561
76 5679
76 5847
76 5849
76 5864
76 5889
76 5904
76 6056
76 6191
76 6276
76 6438
76 6514
76 6632
76 6655
76 6746
76 6955
76 7175
76 7311
76 7403
76 7555
76 7574
76 7608
76 7727
76 7747
76 7827
76 8198
76 8360
76 8535
76 8583
76 8691
76 8743
76 9166
76 9261
76 9396
76 9494
76 9566
76 9661
76 9762
76 9796
76 9932
76 9086
76 7385
76 2112
76 9182
76 4583
76 9749
77 91
77 92
77 257
77 293
77 943
77 1077
77 1089
77 1270
77 1374
77 1508
77 1798
77 1860
77 1942
77 2003
77 2012
77 2085
77 2119
77 2222
77 2319
77 2393
77 2449
77 2507
77 2526
77 2629
77 2952
77 2957
77 3124
77 3267
77 3471
77 3514
77 3666
77 3712
77 3798
77 3859
77 3988
77 4423
77 4426
77 4610
77 4687
77 4688
77 4852
77 4863
77 4924
77 5140
77 5171
77 5202
77 5226
77 5386
77 5399
77 5581
77 5689
77 5725
77 5994
77 6042
77 6410
77 6517
77 6529
77 6950
77 7088
77 7214
77 7517
77 7842
77 7981
77 8238
77 8267
77 8500
77 8569
77 8572
77 8596
77 8639
77 8819
77 8872
77 9068
77 9161
77 9199
77 9721
77 175
77 2727
77 3511
77 2291
77 9372
77 7360
78 120
78 152
78 217
78 285
78 354
78 705
78 832
78 836
78 856
78 900
78 916
78 1136
78 1145
78 1154
78 1385
78 1593
78 1617
78 1628
78 1679
78 1770
78 1776
78 1796
78 1880
78 1982
78 2152
78 2174
78 2231
78 2310
78 2535
78 2568
78 2689
78 2926
78 2953
78 3003
78 3030
78 3048
78 3115
78 3117
78 3215
78 3310
78 3313
78 3333
78 3509
78 3771
78 3923
78 3970
78 3978
78 4255
78 4338
78 4416
78 4484
78 4591
78 4786
78 4850
78 4941
78 4946
78 4998
78 5058
78 5096
78 5102
78 5250
78 5273
78 5543
78 5672
78 5701
78 5737
78 6318
78 6420
78 6518
78 6623
78 6708
78 6741
78 6961
78 7059
78 7130
78 7178
78 7250
78 7309
78 7422
78 7439
78 7473
78 7930
78 8236
78 8426
78 8540
78 8745
78 8812
78 9111
78 9195
78 9249
78 9337
78 9356
78 9507
78 9532
78 9540
78 9568
78 9717
78 9789
78 9811
78 9864
78 9965
78 9989
78 3662
78 6592
78 116
78 283
78 7917
78 3608
79 117
79 142
79 336
79 541
79 730
79 763
79 770
79 781
79 848
79 1054
79 1153
79 1162
79 1188
79 1258
79 1289
79 1492
79 1610
79 1773
79 1981
79 2181
79 2299
79 2424
79 2790
79 2985
79 3084
79 3179
79 3210
79 3226
79 3245
79 3309
79 3489
79 3526
79 3571
79 3822
