0 14
0 23
0 28
0 45
0 47
0 56
0 75
0 82
0 84
0 33
0 73
0 23
1 10
1 25
1 31
1 48
1 86
1 95
1 96
1 38
1 8
1 51
2 4
2 6
2 7
2 21
2 22
2 40
2 46
2 49
2 68
2 93
2 21
2 49
2 85
3 7
3 13
3 29
3 33
3 41
3 43
3 61
3 92
3 13
3 11
3 16
4 6
4 22
4 49
4 69
4 76
4 78
4 93
4 89
4 88
4 84
5 16
5 36
5 53
5 55
5 59
5 72
5 80
5 81
5 83
5 86
5 91
5 94
5 95
5 77
5 74
5 39
6 21
6 22
6 49
6 68
6 76
6 78
6 87
6 93
6 58
6 44
6 38
7 13
7 29
7 33
7 40
7 43
7 46
7 85
7 88
7 70
7 24
8 35
8 37
8 38
8 50
8 53
8 59
8 62
8 72
8 77
8 81
8 83
8 88
8 91
8 94
8 95
8 11
8 77
8 60
9 17
9 51
9 69
9 76
9 78
9 65
9 84
9 98
10 25
10 48
10 86
10 91
10 95
10 96
10 66
10 50
10 8
11 28
11 45
11 47
11 56
11 60
11 63
11 74
11 82
11 84
11 89
11 28
11 29
12 27
12 32
12 42
12 54
12 60
12 70
12 73
12 74
12 79
12 97
12 99
12 26
12 73
12 25
13 18
13 26
13 29
13 33
13 40
13 41
13 44
13 61
13 64
13 85
13 90
13 92
13 98
13 60
13 58
13 24
14 23
14 45
14 75
14 82
14 74
14 52
14 29
15 37
15 38
15 48
15 50
15 59
15 62
15 65
15 77
15 88
15 50
15 1
15 62
16 36
16 47
16 55
16 63
16 66
16 80
16 89
16 80
16 12
16 70
17 51
17 69
17 76
17 78
17 63
17 67
17 70
18 26
18 29
18 33
18 44
18 61
18 64
18 85
18 90
18 76
18 69
18 89
19 21
19 26
19 35
19 39
19 40
19 44
19 46
19 57
19 58
19 61
19 64
19 71
19 85
19 90
19 98
19 40
19 70
19 40
20 21
20 57
20 67
20 68
20 79
20 87
20 93
20 99
20 91
20 1
20 32
21 22
21 39
21 40
21 46
21 57
21 58
21 64
21 67
21 68
21 71
21 85
21 87
21 93
21 98
21 93
21 65
21 18
22 49
22 68
22 76
22 78
22 87
22 93
22 87
22 15
22 19
23 28
23 45
23 47
23 56
23 75
23 82
23 84
23 85
23 88
23 25
24 28
24 45
24 52
24 82
24 84
24 92
24 27
24 50
25 31
25 48
25 59
25 86
25 91
25 95
25 96
25 75
25 36
25 45
26 29
26 33
26 44
26 58
26 61
26 64
26 65
26 85
26 90
26 98
26 16
26 48
26 16
27 32
27 54
27 70
27 73
27 79
27 97
27 75
27 82
27 29
28 45
28 47
28 56
28 63
28 75
28 82
28 84
28 89
28 4
28 8
28 85
29 33
29 41
29 61
29 85
29 90
29 92
29 40
29 32
29 28
30 39
30 97
30 48
31 48
31 96
31 49
31 46
31 52
32 42
32 54
32 60
32 70
32 73
32 74
32 79
32 97
32 99
32 44
32 36
32 53
33 40
33 41
33 44
33 46
33 58
33 61
33 64
33 85
33 90
33 92
33 98
33 62
33 61
33 30
34 42
34 53
34 55
34 60
34 63
34 80
34 81
34 83
34 89
34 94
34 16
34 88
34 22
35 37
35 44
35 50
35 53
35 58
35 62
35 64
35 71
35 72
35 81
35 83
35 88
35 94
35 98
35 81
35 21
35 45
36 55
36 66
36 86
36 89
36 91
36 22
36 9
36 62
37 38
37 50
37 59
37 62
37 65
37 72
37 77
37 83
37 88
37 94
37 95
37 94
37 63
37 19
38 48
38 50
38 59
38 62
38 72
38 77
38 88
38 91
38 95
38 96
38 40
38 90
38 41
39 40
39 44
39 46
39 57
39 58
39 64
39 67
39 68
39 71
39 85
39 87
39 98
39 33
39 78
39 35
40 44
40 46
40 57
40 58
40 61
40 64
40 68
40 71
40 85
40 90
40 98
40 63
40 61
40 23
41 92
41 56
41 18
41 75
42 54
42 60
42 70
42 73
42 74
42 99
42 89
42 84
42 91
43 4
43 69
43 50
44 46
44 58
44 61
44 64
44 71
44 85
44 90
44 98
44 0
44 94
44 74
45 47
45 52
45 56
45 75
45 82
45 84
45 32
45 28
45 82
46 57
46 58
46 61
46 64
46 68
46 71
46 85
46 90
46 98
46 60
46 36
46 20
47 56
47 63
47 66
47 75
47 82
47 84
47 89
47 13
47 73
47 3
48 59
48 77
48 95
48 96
48 79
48 55
48 50
49 68
49 76
49 78
49 93
49 21
49 90
49 68
50 59
50 62
50 65
50 72
50 77
50 88
50 64
50 77
50 52
51 69
51 79
51 81
51 14
51 39
52 74
52 84
52 70
52 0
52 54
53 67
53 71
53 80
53 81
53 83
53 94
53 50
53 72
53 82
54 70
54 73
54 79
54 97
54 99
54 83
54 71
54 16
55 63
55 66
55 80
55 81
55 89
55 39
55 65
56 63
56 75
56 82
56 84
56 89
56 79
56 7
56 20
57 58
57 64
57 67
57 68
57 71
57 85
57 87
57 98
57 85
57 44
57 90
58 61
58 64
58 71
58 85
58 90
58 98
58 59
58 9
58 40
59 62
59 72
59 77
59 88
59 91
59 95
59 44
59 36
59 89
60 70
60 74
60 99
60 53
60 67
60 26
61 64
61 85
61 90
61 98
61 48
61 70
61 6
62 65
62 72
62 77
62 88
62 28
62 9
62 66
63 66
63 80
63 84
63 89
63 47
63 79
63 66
64 71
64 85
64 90
64 98
64 83
64 23
64 53
65 77
65 88
65 8
65 17
65 8
66 89
66 75
66 46
66 45
67 68
67 71
67 87
67 93
67 64
67 69
67 46
68 87
68 93
68 24
68 54
68 67
69 76
69 78
69 12
69 29
69 20
70 73
70 74
70 79
70 97
70 99
70 64
70 24
70 68
71 83
71 85
71 94
71 98
71 88
71 2
71 58
72 77
72 81
72 83
72 88
72 91
72 94
72 95
72 92
72 90
72 35
73 74
73 79
73 97
73 99
73 3
73 91
73 62
74 99
74 31
74 85
74 75
75 82
75 84
75 30
75 0
75 35
76 78
76 93
76 45
76 52
76 29
77 88
77 61
77 12
77 50
78 93
78 7
78 46
78 92
79 97
79 99
79 86
79 66
79 59
80 81
80 83
80 89
80 91
80 94
80 37
80 41
80 19
81 83
81 91
81 94
81 5
81 13
81 32
82 84
82 36
82 68
82 19
83 94
83 60
83 29
83 21
84 89
84 46
84 61
84 1
85 90
85 98
85 79
85 18
85 36
86 91
86 95
86 67
86 68
86 10
87 93
87 54
87 46
87 79
88 9
88 90
88 16
89 71
89 44
89 83
90 98
90 42
90 13
90 61
91 95
91 66
91 54
91 46
92 79
92 99
92 90
93 76
93 8
93 33
94 28
94 47
94 10
95 96
95 98
95 35
95 54
96 93
96 32
96 45
97 99
97 96
97 0
97 56
98 58
98 76
99 22
99 74
99 81
