Graph:	../graphs/as-caida2007/as-caida20071105.txt
Degree Centrality		t: 	0.09321379661560059
[701, 7018, 174, 1239, 3356, 209, 3549, 4323, 7132, 6461, 25462, 2828, 2914, 702, 3561, 13237, 1299, 8220, 6453, 3320, 3257, 3303, 6395, 286, 8928, 3786, 6539, 4766, 19151, 2516, 3491, 20485, 1273, 6939, 8001, 3216, 2497, 10026, 5413, 7911, 6517, 703, 5400, 6128, 8708, 19029, 8342, 10910, 16150, 4637]
########################################################################
Closeness Centrality		t: 	0.13442611694335938
[39242, 28942, 34541, 43098, 15950, 12384, 38956, 13243, 25475, 13177, 11619, 21902, 32461, 1347, 32664, 19039, 32110, 36784, 40328, 23465, 42368, 42517, 31922, 38720, 12798, 11931, 25816, 19674, 20145, 6260, 4017, 22704, 13957, 32185, 13334, 15152, 15356, 16670, 36636, 22281, 35927, 14526, 14322, 11410, 13583, 29941, 16554, 33919, 42503, 43492]
########################################################################
Pagerank		t: 	20.603839874267578
[701, 7018, 1239, 174, 3356, 209, 4323, 3549, 7132, 2828, 6461, 702, 3561, 8220, 2914, 25462, 1299, 13237, 6395, 3320, 6453, 3257, 3786, 3303, 4766, 8928, 20485, 286, 8708, 6539, 3216, 9121, 3491, 2516, 19151, 6517, 1273, 6128, 7911, 10026, 10910, 8342, 5617, 6939, 8246, 5400, 2497, 7474, 8001, 703]
########################################################################
Hits		t: 	36.09194755554199
[701, 7018, 3356, 1239, 174, 3549, 209, 3303, 25462, 6461, 2914, 1299, 13237, 6453, 3257, 3561, 4323, 3320, 7132, 2516, 2497, 286, 2828, 702, 6539, 8001, 19151, 3491, 5413, 12956, 4637, 6762, 293, 5511, 6939, 1273, 8220, 1668, 19029, 16150, 5400, 8928, 852, 4134, 15412, 8075, 2686, 6830, 7473, 15169]
########################################################################
Shapley Degree		t: 	0.43999266624450684
[14340, 5410, 5557, 13445, 30094, 35028, 13301, 14891, 33070, 20773, 20355, 11795, 36561, 23028, 12008, 8069, 25310, 22220, 6779, 11553, 5390, 15535, 15149, 30776, 20718, 19817, 15773, 30588, 41690, 32934, 30740, 33517, 21099, 6167, 29045, 36624, 38973, 22829, 9035, 8912, 30844, 33419, 31334, 11403, 8737, 12701, 39651, 21478, 22283, 25562]
########################################################################
Shapley Threshold		t: 	0.9771203994750977
[12968, 15270, 18302, 8708, 5617, 6517, 30890, 3215, 1267, 8246, 12741, 12874, 20804, 4230, 1785, 7385, 8881, 3269, 27064, 19262, 6663, 8732, 10223, 1680, 3352, 2856, 17494, 21127, 6849, 10910, 34224, 9318, 8866, 6128, 14742, 8447, 10429, 15694, 3209, 24724, 18101, 5006, 17054, 4713, 6746, 20115, 8167, 24785, 12530, 8717]
########################################################################
########################################################################


