Graph:	../graphs/CA-AstroPh.txt
Degree Centrality		t: 	0.14830756187438965
[53213, 35290, 38109, 62821, 93504, 92790, 21718, 1086, 89732, 111161, 34608, 94235, 77754, 18314, 23986, 90402, 44612, 36907, 64054, 52682, 47968, 28516, 49118, 75223, 50808, 130997, 33040, 124741, 85176, 106497, 49387, 48189, 115607, 40170, 35550, 75947, 95036, 124529, 37479, 127886, 84122, 10976, 91586, 90794, 38155, 65337, 120425, 43160, 38966, 111385]
########################################################################
Closeness Centrality		t: 	0.18504881858825684
[64582, 37861, 50991, 84150, 112243, 20188, 17737, 16793, 87601, 86017, 39978, 114995, 102475, 91247, 82020, 7969, 23469, 84513, 86261, 128151, 51146, 108990, 21536, 111890, 117446, 4796, 32509, 40218, 63141, 120034, 115965, 107716, 66539, 119975, 27743, 46359, 100876, 122465, 8350, 29790, 103430, 47312, 30015, 62420, 115017, 112098, 30922, 31114, 2648, 54058]
########################################################################
Pagerank		t: 	57.30286884307861
[53213, 1086, 35290, 38109, 62821, 92790, 77754, 93504, 21718, 44612, 111161, 89732, 34608, 85176, 18314, 90402, 23986, 36907, 94235, 64054, 40170, 52682, 33040, 28516, 50808, 47968, 49118, 84122, 130997, 75223, 111385, 106497, 48189, 95036, 115607, 37479, 124741, 49387, 90794, 121399, 124529, 31756, 35550, 85659, 65337, 38155, 26590, 127886, 13557, 120425]
########################################################################
Hits		t: 	54.98756670951843
[53213, 38109, 62821, 93504, 89732, 21718, 34608, 75223, 94235, 18314, 23986, 90402, 44612, 124741, 49118, 127886, 47968, 38966, 111161, 117350, 43160, 91586, 36907, 49387, 50808, 64054, 92790, 131813, 85659, 10976, 45163, 68018, 28516, 55837, 60975, 101361, 11205, 38155, 76749, 2839, 35290, 100958, 60308, 68603, 120618, 18984, 13739, 40170, 14063, 95036]
########################################################################
Shapley Degree		t: 	1.184985637664795
[111688, 95824, 2329, 86964, 99131, 98981, 115005, 19431, 37290, 118174, 78424, 35778, 43304, 11635, 4893, 123878, 22700, 90452, 65566, 96235, 8305, 16108, 122753, 120705, 115796, 23457, 45654, 80187, 82708, 21729, 101465, 11084, 26173, 28257, 15352, 56051, 115502, 89746, 45230, 6414, 52956, 36783, 126294, 2164, 122664, 43470, 76598, 93806, 66683, 114762]
########################################################################
Shapley Threshold		t: 	3.185274124145508
[49421, 71438, 44622, 17756, 102282, 13393, 15630, 41199, 123201, 7522, 73034, 128016, 72960, 115260, 25628, 41025, 84509, 66522, 72402, 103429, 110976, 114867, 62842, 92004, 19282, 542, 16896, 114265, 76784, 10678, 92927, 121513, 95104, 100287, 59362, 67827, 58532, 114762, 126152, 36744, 44323, 53569, 67755, 6548, 104841, 80015, 10767, 84299, 127225, 25850]
########################################################################
########################################################################


