Graph:	../graphs/ego-gplus/out.ego-gplus
Degree Centrality		t: 	0.18001151084899902
[2300, 8306, 2622, 2376, 11324, 19205, 1876, 15599, 8892, 7101, 3281, 11037, 18440, 9424, 629, 5958, 10381, 7334, 453, 1682, 12130, 4965, 10068, 10965, 3937, 3331, 9165, 18722, 21116, 6306, 1, 9420, 3600, 1814, 14596, 7883, 2013, 180, 267, 3922, 4060, 303, 15069, 1758, 3474, 6693, 705, 20006, 9151, 19703]
########################################################################
Closeness Centrality		t: 	0.08928275108337402
[2, 3, 4, 5, 6, 7, 8, 9, 10, 11, 12, 13, 14, 16, 17, 18, 19, 20, 21, 22, 23, 24, 25, 26, 27, 28, 29, 30, 31, 32, 33, 34, 35, 36, 37, 38, 39, 40, 41, 42, 43, 44, 45, 46, 47, 48, 49, 50, 51, 52]
########################################################################
Pagerank		t: 	1.821352243423462
[8775, 15597, 1941, 18636, 601, 4043, 16809, 16810, 529, 530, 531, 532, 7245, 7246, 7247, 7248, 20876, 20877, 20878, 20879, 4949, 4962, 4951, 4952, 4953, 4955, 4615, 4956, 4958, 4961, 4960, 4950, 4957, 4959, 4963, 4954, 651, 3362, 5819, 3404, 665, 9309, 3248, 3435, 9220, 4948, 9080, 9121, 9368, 9442]
########################################################################
Hits		t: 	24.852091550827026
[671, 1074, 3414, 2255, 1941, 1207, 704, 2627, 2622, 1482, 1463, 3274, 3234, 643, 678, 2434, 3202, 2633, 2944, 3332, 2382, 1452, 3244, 545, 1132, 660, 1466, 629, 3986, 634, 672, 677, 3217, 3346, 2282, 922, 641, 1269, 698, 1098, 3362, 625, 3278, 1397, 1624, 664, 2766, 1197, 637, 3248]
########################################################################
Shapley Degree		t: 	0.2505202293395996
[2255, 1941, 1074, 1463, 671, 5800, 651, 678, 704, 922, 1482, 2627, 3244, 3274, 3362, 3986, 329, 545, 647, 665, 977, 1207, 1466, 2633, 3202, 3270, 3346, 3355, 3421, 4933, 2382, 2786, 3248, 3335, 3404, 3680, 643, 664, 701, 1034, 1400, 3258, 3278, 3435, 3569, 4011, 6214, 134, 404, 452]
########################################################################
Shapley Threshold		t: 	0.3571195602416992
[4965, 20006, 19921, 3600, 3876, 7883, 4554, 19703, 16367, 8306, 10745, 1276, 14372, 7733, 4727, 14596, 18328, 8748, 705, 11037, 3760, 18722, 11000, 19966, 9151, 1581, 2013, 17404, 1, 2008, 15599, 3871, 11294, 303, 10693, 6693, 15, 6064, 2459, 14527, 21116, 1682, 7113, 5932, 5645, 4099, 3878, 488, 548, 1908]
########################################################################
########################################################################


